@page size 600,600
@view 0.12,0.1,0.97,0.93
@subtitle "PHOENIX module phox, 10/31/16 at 12:49:49 -07:00"
@xaxes scale Normal
@yaxes scale Normal
@xaxis label "energy (meV)"
@yaxis label "three and higher phonon contribution (1/eV)"
@type xy
 -6.75287E+01  1.16106E-04
 -6.72795E+01  1.16834E-04
 -6.70303E+01  1.20760E-04
 -6.67811E+01  1.22948E-04
 -6.65320E+01  1.20828E-04
 -6.62828E+01  1.20505E-04
 -6.60336E+01  1.25546E-04
 -6.57844E+01  1.29065E-04
 -6.55352E+01  1.26613E-04
 -6.52860E+01  1.25123E-04
 -6.50369E+01  1.29923E-04
 -6.47877E+01  1.34686E-04
 -6.45385E+01  1.33070E-04
 -6.42893E+01  1.30676E-04
 -6.40401E+01  1.34719E-04
 -6.37909E+01  1.40246E-04
 -6.35418E+01  1.39457E-04
 -6.32926E+01  1.36894E-04
 -6.30434E+01  1.40525E-04
 -6.27942E+01  1.45910E-04
 -6.25450E+01  1.45480E-04
 -6.22958E+01  1.43586E-04
 -6.20467E+01  1.47151E-04
 -6.17975E+01  1.52009E-04
 -6.15483E+01  1.51862E-04
 -6.12991E+01  1.50498E-04
 -6.10499E+01  1.53835E-04
 -6.08007E+01  1.58571E-04
 -6.05516E+01  1.59215E-04
 -6.03024E+01  1.58129E-04
 -6.00532E+01  1.60277E-04
 -5.98040E+01  1.64832E-04
 -5.95548E+01  1.67171E-04
 -5.93056E+01  1.66662E-04
 -5.90565E+01  1.67587E-04
 -5.88073E+01  1.71440E-04
 -5.85581E+01  1.74567E-04
 -5.83089E+01  1.75225E-04
 -5.80597E+01  1.76310E-04
 -5.78105E+01  1.79220E-04
 -5.75614E+01  1.81432E-04
 -5.73122E+01  1.83049E-04
 -5.70630E+01  1.86225E-04
 -5.68138E+01  1.88216E-04
 -5.65646E+01  1.88074E-04
 -5.63154E+01  1.91129E-04
 -5.60663E+01  1.96331E-04
 -5.58171E+01  1.96922E-04
 -5.55679E+01  1.96041E-04
 -5.53187E+01  2.00291E-04
 -5.50695E+01  2.05194E-04
 -5.48203E+01  2.05379E-04
 -5.45712E+01  2.05538E-04
 -5.43220E+01  2.09618E-04
 -5.40728E+01  2.13662E-04
 -5.38236E+01  2.14624E-04
 -5.35744E+01  2.15378E-04
 -5.33252E+01  2.18581E-04
 -5.30761E+01  2.22315E-04
 -5.28269E+01  2.24265E-04
 -5.25777E+01  2.25487E-04
 -5.23285E+01  2.27672E-04
 -5.20793E+01  2.31029E-04
 -5.18301E+01  2.34261E-04
 -5.15810E+01  2.35836E-04
 -5.13318E+01  2.37147E-04
 -5.10826E+01  2.40238E-04
 -5.08334E+01  2.43610E-04
 -5.05842E+01  2.45813E-04
 -5.03350E+01  2.47896E-04
 -5.00859E+01  2.50111E-04
 -4.98367E+01  2.52570E-04
 -4.95875E+01  2.55939E-04
 -4.93383E+01  2.58879E-04
 -4.90891E+01  2.60442E-04
 -4.88399E+01  2.62250E-04
 -4.85908E+01  2.65698E-04
 -4.83416E+01  2.69723E-04
 -4.80924E+01  2.71540E-04
 -4.78432E+01  2.72076E-04
 -4.75940E+01  2.75981E-04
 -4.73448E+01  2.81285E-04
 -4.70957E+01  2.82092E-04
 -4.68465E+01  2.82157E-04
 -4.65973E+01  2.87379E-04
 -4.63481E+01  2.92606E-04
 -4.60989E+01  2.92698E-04
 -4.58497E+01  2.93232E-04
 -4.56006E+01  2.98790E-04
 -4.53514E+01  3.03798E-04
 -4.51022E+01  3.03784E-04
 -4.48530E+01  3.04844E-04
 -4.46038E+01  3.10912E-04
 -4.43546E+01  3.14918E-04
 -4.41055E+01  3.14606E-04
 -4.38563E+01  3.17413E-04
 -4.36071E+01  3.23150E-04
 -4.33579E+01  3.25772E-04
 -4.31087E+01  3.26797E-04
 -4.28595E+01  3.30069E-04
 -4.26104E+01  3.34591E-04
 -4.23612E+01  3.37865E-04
 -4.21120E+01  3.39468E-04
 -4.18628E+01  3.42103E-04
 -4.16136E+01  3.46951E-04
 -4.13644E+01  3.50323E-04
 -4.11153E+01  3.51855E-04
 -4.08661E+01  3.55218E-04
 -4.06169E+01  3.59367E-04
 -4.03677E+01  3.62307E-04
 -4.01185E+01  3.65331E-04
 -3.98693E+01  3.68855E-04
 -3.96202E+01  3.72132E-04
 -3.93710E+01  3.74800E-04
 -3.91218E+01  3.77999E-04
 -3.88726E+01  3.82854E-04
 -3.86234E+01  3.86454E-04
 -3.83742E+01  3.87473E-04
 -3.81251E+01  3.90772E-04
 -3.78759E+01  3.97032E-04
 -3.76267E+01  4.00447E-04
 -3.73775E+01  4.01289E-04
 -3.71283E+01  4.04942E-04
 -3.68791E+01  4.10672E-04
 -3.66300E+01  4.13866E-04
 -3.63808E+01  4.15497E-04
 -3.61316E+01  4.19798E-04
 -3.58824E+01  4.25132E-04
 -3.56332E+01  4.27440E-04
 -3.53840E+01  4.29618E-04
 -3.51349E+01  4.35009E-04
 -3.48857E+01  4.39339E-04
 -3.46365E+01  4.40978E-04
 -3.43873E+01  4.44807E-04
 -3.41381E+01  4.50120E-04
 -3.38889E+01  4.52648E-04
 -3.36398E+01  4.55081E-04
 -3.33906E+01  4.60502E-04
 -3.31414E+01  4.64915E-04
 -3.28922E+01  4.65773E-04
 -3.26430E+01  4.68491E-04
 -3.23938E+01  4.75792E-04
 -3.21447E+01  4.80282E-04
 -3.18955E+01  4.79218E-04
 -3.16463E+01  4.81447E-04
 -3.13971E+01  4.89523E-04
 -3.11479E+01  4.94687E-04
 -3.08987E+01  4.94006E-04
 -3.06496E+01  4.94783E-04
 -3.04004E+01  5.01064E-04
 -3.01512E+01  5.08000E-04
 -2.99020E+01  5.09574E-04
 -2.96528E+01  5.07919E-04
 -2.94036E+01  5.11530E-04
 -2.91545E+01  5.20305E-04
 -2.89053E+01  5.24167E-04
 -2.86561E+01  5.21409E-04
 -2.84069E+01  5.22395E-04
 -2.81577E+01  5.30928E-04
 -2.79085E+01  5.37014E-04
 -2.76594E+01  5.34920E-04
 -2.74102E+01  5.33957E-04
 -2.71610E+01  5.41043E-04
 -2.69118E+01  5.48134E-04
 -2.66626E+01  5.48006E-04
 -2.64134E+01  5.46531E-04
 -2.61643E+01  5.50424E-04
 -2.59151E+01  5.57207E-04
 -2.56659E+01  5.61191E-04
 -2.54167E+01  5.60386E-04
 -2.51675E+01  5.59424E-04
 -2.49183E+01  5.65072E-04
 -2.46692E+01  5.73642E-04
 -2.44200E+01  5.74416E-04
 -2.41708E+01  5.69697E-04
 -2.39216E+01  5.72850E-04
 -2.36724E+01  5.83721E-04
 -2.34232E+01  5.87840E-04
 -2.31741E+01  5.82440E-04
 -2.29249E+01  5.81679E-04
 -2.26757E+01  5.91650E-04
 -2.24265E+01  5.99650E-04
 -2.21773E+01  5.96272E-04
 -2.19281E+01  5.92096E-04
 -2.16790E+01  5.99481E-04
 -2.14298E+01  6.10159E-04
 -2.11806E+01  6.09534E-04
 -2.09314E+01  6.03693E-04
 -2.06822E+01  6.08275E-04
 -2.04330E+01  6.19690E-04
 -2.01839E+01  6.22130E-04
 -1.99347E+01  6.16474E-04
 -1.96855E+01  6.18046E-04
 -1.94363E+01  6.28353E-04
 -1.91871E+01  6.33619E-04
 -1.89379E+01  6.30124E-04
 -1.86888E+01  6.29236E-04
 -1.84396E+01  6.36630E-04
 -1.81904E+01  6.43768E-04
 -1.79412E+01  6.44004E-04
 -1.76920E+01  6.42363E-04
 -1.74428E+01  6.45439E-04
 -1.71937E+01  6.52276E-04
 -1.69445E+01  6.56895E-04
 -1.66953E+01  6.56369E-04
 -1.64461E+01  6.55950E-04
 -1.61969E+01  6.61533E-04
 -1.59477E+01  6.68520E-04
 -1.56986E+01  6.69404E-04
 -1.54494E+01  6.67780E-04
 -1.52002E+01  6.71614E-04
 -1.49510E+01  6.79343E-04
 -1.47018E+01  6.82692E-04
 -1.44526E+01  6.80633E-04
 -1.42035E+01  6.81961E-04
 -1.39543E+01  6.89990E-04
 -1.37051E+01  6.95794E-04
 -1.34559E+01  6.94053E-04
 -1.32067E+01  6.93291E-04
 -1.29575E+01  7.00511E-04
 -1.27084E+01  7.08289E-04
 -1.24592E+01  7.08452E-04
 -1.22100E+01  7.06132E-04
 -1.19608E+01  7.10378E-04
 -1.17116E+01  7.19464E-04
 -1.14624E+01  7.23715E-04
 -1.12133E+01  7.20908E-04
 -1.09641E+01  7.20820E-04
 -1.07149E+01  7.29476E-04
 -1.04657E+01  7.38075E-04
 -1.02165E+01  7.37116E-04
 -9.96733E+00  7.33131E-04
 -9.71815E+00  7.39124E-04
 -9.46897E+00  7.51189E-04
 -9.21978E+00  7.53156E-04
 -8.97060E+00  7.47161E-04
 -8.72142E+00  7.50678E-04
 -8.47223E+00  7.62892E-04
 -8.22305E+00  7.67469E-04
 -7.97387E+00  7.62997E-04
 -7.72468E+00  7.63753E-04
 -7.47550E+00  7.74291E-04
 -7.22632E+00  7.81692E-04
 -6.97713E+00  7.78585E-04
 -6.72795E+00  7.77148E-04
 -6.47877E+00  7.86655E-04
 -6.22958E+00  7.95827E-04
 -5.98040E+00  7.94280E-04
 -5.73122E+00  7.91669E-04
 -5.48203E+00  7.98947E-04
 -5.23285E+00  8.08932E-04
 -4.98367E+00  8.10427E-04
 -4.73448E+00  8.08119E-04
 -4.48530E+00  8.12199E-04
 -4.23612E+00  8.20333E-04
 -3.98693E+00  8.25269E-04
 -3.73775E+00  8.26889E-04
 -3.48857E+00  8.27902E-04
 -3.23938E+00  8.30780E-04
 -2.99020E+00  8.38491E-04
 -2.74102E+00  8.46122E-04
 -2.49183E+00  8.45129E-04
 -2.24265E+00  8.43111E-04
 -1.99347E+00  8.52317E-04
 -1.74428E+00  8.63216E-04
 -1.49510E+00  8.62281E-04
 -1.24592E+00  8.59013E-04
 -9.96733E-01  8.66790E-04
 -7.47550E-01  8.78317E-04
 -4.98367E-01  8.80480E-04
 -2.49183E-01  8.77079E-04
  0.00000E+00  8.81546E-04
  2.49183E-01  8.93776E-04
  4.98367E-01  8.99255E-04
  7.47550E-01  8.95364E-04
  9.96733E-01  8.97619E-04
  1.24592E+00  9.10201E-04
  1.49510E+00  9.17865E-04
  1.74428E+00  9.15229E-04
  1.99347E+00  9.15223E-04
  2.24265E+00  9.25320E-04
  2.49183E+00  9.36415E-04
  2.74102E+00  9.37727E-04
  2.99020E+00  9.34249E-04
  3.23938E+00  9.40435E-04
  3.48857E+00  9.54758E-04
  3.73775E+00  9.59895E-04
  3.98693E+00  9.55074E-04
  4.23612E+00  9.58443E-04
  4.48530E+00  9.72181E-04
  4.73448E+00  9.79902E-04
  4.98367E+00  9.78075E-04
  5.23285E+00  9.79462E-04
  5.48203E+00  9.89349E-04
  5.73122E+00  9.98968E-04
  5.98040E+00  1.00122E-03
  6.22958E+00  1.00164E-03
  6.47877E+00  1.00840E-03
  6.72795E+00  1.01802E-03
  6.97713E+00  1.02304E-03
  7.22632E+00  1.02561E-03
  7.47550E+00  1.02994E-03
  7.72468E+00  1.03587E-03
  7.97387E+00  1.04379E-03
  8.22305E+00  1.05072E-03
  8.47223E+00  1.05246E-03
  8.72142E+00  1.05509E-03
  8.97060E+00  1.06505E-03
  9.21978E+00  1.07438E-03
  9.46897E+00  1.07563E-03
  9.71815E+00  1.07686E-03
  9.96733E+00  1.08605E-03
  1.02165E+01  1.09682E-03
  1.04657E+01  1.10030E-03
  1.07149E+01  1.10039E-03
  1.09641E+01  1.10695E-03
  1.12133E+01  1.11849E-03
  1.14624E+01  1.12535E-03
  1.17116E+01  1.12613E-03
  1.19608E+01  1.12916E-03
  1.22100E+01  1.13965E-03
  1.24592E+01  1.15011E-03
  1.27084E+01  1.15180E-03
  1.29575E+01  1.15271E-03
  1.32067E+01  1.16322E-03
  1.34559E+01  1.17463E-03
  1.37051E+01  1.17663E-03
  1.39543E+01  1.17767E-03
  1.42035E+01  1.18756E-03
  1.44526E+01  1.19912E-03
  1.47018E+01  1.20274E-03
  1.49510E+01  1.20376E-03
  1.52002E+01  1.21153E-03
  1.54494E+01  1.22333E-03
  1.56986E+01  1.23040E-03
  1.59477E+01  1.23161E-03
  1.61969E+01  1.23558E-03
  1.64461E+01  1.24731E-03
  1.66953E+01  1.25807E-03
  1.69445E+01  1.26051E-03
  1.71937E+01  1.26247E-03
  1.74428E+01  1.27198E-03
  1.76920E+01  1.28359E-03
  1.79412E+01  1.28976E-03
  1.81904E+01  1.29242E-03
  1.84396E+01  1.29791E-03
  1.86888E+01  1.30856E-03
  1.89379E+01  1.31920E-03
  1.91871E+01  1.32308E-03
  1.94363E+01  1.32482E-03
  1.96855E+01  1.33499E-03
  1.99347E+01  1.34879E-03
  2.01839E+01  1.35290E-03
  2.04330E+01  1.35293E-03
  2.06822E+01  1.36344E-03
  2.09314E+01  1.37837E-03
  2.11806E+01  1.38329E-03
  2.14298E+01  1.38249E-03
  2.16790E+01  1.39033E-03
  2.19281E+01  1.40706E-03
  2.21773E+01  1.41673E-03
  2.24265E+01  1.41351E-03
  2.26757E+01  1.41647E-03
  2.29249E+01  1.43560E-03
  2.31741E+01  1.44911E-03
  2.34232E+01  1.44526E-03
  2.36724E+01  1.44612E-03
  2.39216E+01  1.46328E-03
  2.41708E+01  1.47753E-03
  2.44200E+01  1.47831E-03
  2.46692E+01  1.47915E-03
  2.49183E+01  1.48963E-03
  2.51675E+01  1.50335E-03
  2.54167E+01  1.51091E-03
  2.56659E+01  1.51217E-03
  2.59151E+01  1.51651E-03
  2.61643E+01  1.52874E-03
  2.64134E+01  1.54059E-03
  2.66626E+01  1.54351E-03
  2.69118E+01  1.54358E-03
  2.71610E+01  1.55336E-03
  2.74102E+01  1.56831E-03
  2.76594E+01  1.57200E-03
  2.79085E+01  1.56879E-03
  2.81577E+01  1.57779E-03
  2.84069E+01  1.59413E-03
  2.86561E+01  1.59738E-03
  2.89053E+01  1.59227E-03
  2.91545E+01  1.59969E-03
  2.94036E+01  1.61673E-03
  2.96528E+01  1.62176E-03
  2.99020E+01  1.61532E-03
  3.01512E+01  1.61901E-03
  3.04004E+01  1.63406E-03
  3.06496E+01  1.64208E-03
  3.08987E+01  1.63947E-03
  3.11479E+01  1.63822E-03
  3.13971E+01  1.64661E-03
  3.16463E+01  1.65897E-03
  3.18955E+01  1.66132E-03
  3.21447E+01  1.65538E-03
  3.23938E+01  1.65929E-03
  3.26430E+01  1.67386E-03
  3.28922E+01  1.67879E-03
  3.31414E+01  1.67097E-03
  3.33906E+01  1.67161E-03
  3.36398E+01  1.68606E-03
  3.38889E+01  1.69343E-03
  3.41381E+01  1.68630E-03
  3.43873E+01  1.68376E-03
  3.46365E+01  1.69553E-03
  3.48857E+01  1.70537E-03
  3.51349E+01  1.70099E-03
  3.53840E+01  1.69557E-03
  3.56332E+01  1.70378E-03
  3.58824E+01  1.71531E-03
  3.61316E+01  1.71402E-03
  3.63808E+01  1.70731E-03
  3.66300E+01  1.71154E-03
  3.68791E+01  1.72298E-03
  3.71283E+01  1.72552E-03
  3.73775E+01  1.71891E-03
  3.76267E+01  1.71908E-03
  3.78759E+01  1.72925E-03
  3.81251E+01  1.73456E-03
  3.83742E+01  1.72992E-03
  3.86234E+01  1.72759E-03
  3.88726E+01  1.73445E-03
  3.91218E+01  1.74135E-03
  3.93710E+01  1.73938E-03
  3.96202E+01  1.73549E-03
  3.98693E+01  1.73981E-03
  4.01185E+01  1.74675E-03
  4.03677E+01  1.74640E-03
  4.06169E+01  1.74349E-03
  4.08661E+01  1.74580E-03
  4.11153E+01  1.74975E-03
  4.13644E+01  1.75132E-03
  4.16136E+01  1.75191E-03
  4.18628E+01  1.75133E-03
  4.21120E+01  1.75138E-03
  4.23612E+01  1.75547E-03
  4.26104E+01  1.75894E-03
  4.28595E+01  1.75614E-03
  4.31087E+01  1.75344E-03
  4.33579E+01  1.75833E-03
  4.36071E+01  1.76410E-03
  4.38563E+01  1.76167E-03
  4.41055E+01  1.75642E-03
  4.43546E+01  1.75917E-03
  4.46038E+01  1.76724E-03
  4.48530E+01  1.76753E-03
  4.51022E+01  1.76008E-03
  4.53514E+01  1.76038E-03
  4.56006E+01  1.76939E-03
  4.58497E+01  1.77069E-03
  4.60989E+01  1.76369E-03
  4.63481E+01  1.76360E-03
  4.65973E+01  1.77058E-03
  4.68465E+01  1.77227E-03
  4.70957E+01  1.76755E-03
  4.73448E+01  1.76617E-03
  4.75940E+01  1.77108E-03
  4.78432E+01  1.77398E-03
  4.80924E+01  1.77073E-03
  4.83416E+01  1.76835E-03
  4.85908E+01  1.77082E-03
  4.88399E+01  1.77353E-03
  4.90891E+01  1.77350E-03
  4.93383E+01  1.77161E-03
  4.95875E+01  1.76965E-03
  4.98367E+01  1.77087E-03
  5.00859E+01  1.77419E-03
  5.03350E+01  1.77328E-03
  5.05842E+01  1.76903E-03
  5.08334E+01  1.76877E-03
  5.10826E+01  1.77096E-03
  5.13318E+01  1.77029E-03
  5.15810E+01  1.76899E-03
  5.18301E+01  1.76750E-03
  5.20793E+01  1.76458E-03
  5.23285E+01  1.76471E-03
  5.25777E+01  1.76667E-03
  5.28269E+01  1.76340E-03
  5.30761E+01  1.75835E-03
  5.33252E+01  1.75858E-03
  5.35744E+01  1.75975E-03
  5.38236E+01  1.75646E-03
  5.40728E+01  1.75263E-03
  5.43220E+01  1.75120E-03
  5.45712E+01  1.74975E-03
  5.48203E+01  1.74780E-03
  5.50695E+01  1.74600E-03
  5.53187E+01  1.74260E-03
  5.55679E+01  1.73850E-03
  5.58171E+01  1.73813E-03
  5.60663E+01  1.73844E-03
  5.63154E+01  1.73237E-03
  5.65646E+01  1.72669E-03
  5.68138E+01  1.72914E-03
  5.70630E+01  1.72916E-03
  5.73122E+01  1.72080E-03
  5.75614E+01  1.71645E-03
  5.78105E+01  1.71947E-03
  5.80597E+01  1.71841E-03
  5.83089E+01  1.71122E-03
  5.85581E+01  1.70680E-03
  5.88073E+01  1.70798E-03
  5.90565E+01  1.70825E-03
  5.93056E+01  1.70268E-03
  5.95548E+01  1.69715E-03
  5.98040E+01  1.69816E-03
  6.00532E+01  1.69871E-03
  6.03024E+01  1.69266E-03
  6.05516E+01  1.68877E-03
  6.08007E+01  1.69078E-03
  6.10499E+01  1.68868E-03
  6.12991E+01  1.68271E-03
  6.15483E+01  1.68245E-03
  6.17975E+01  1.68360E-03
  6.20467E+01  1.67912E-03
  6.22958E+01  1.67534E-03
  6.25450E+01  1.67569E-03
  6.27942E+01  1.67515E-03
  6.30434E+01  1.67247E-03
  6.32926E+01  1.66965E-03
  6.35418E+01  1.66784E-03
  6.37909E+01  1.66742E-03
  6.40401E+01  1.66700E-03
  6.42893E+01  1.66444E-03
  6.45385E+01  1.66099E-03
  6.47877E+01  1.66055E-03
  6.50369E+01  1.66189E-03
  6.52860E+01  1.65965E-03
  6.55352E+01  1.65475E-03
  6.57844E+01  1.65399E-03
  6.60336E+01  1.65773E-03
  6.62828E+01  1.65657E-03
  6.65320E+01  1.64885E-03
  6.67811E+01  1.64731E-03
  6.70303E+01  1.65408E-03
  6.72795E+01  1.65358E-03
  6.75287E+01  1.64426E-03
  6.77779E+01  1.64313E-03
  6.80271E+01  1.65030E-03
  6.82762E+01  1.64939E-03
  6.85254E+01  1.64170E-03
  6.87746E+01  1.64080E-03
  6.90238E+01  1.64540E-03
  6.92730E+01  1.64611E-03
  6.95222E+01  1.64164E-03
  6.97713E+01  1.63796E-03
  7.00205E+01  1.64063E-03
  7.02697E+01  1.64475E-03
  7.05189E+01  1.64148E-03
  7.07681E+01  1.63609E-03
  7.10173E+01  1.63805E-03
  7.12664E+01  1.64257E-03
  7.15156E+01  1.64126E-03
  7.17648E+01  1.63671E-03
  7.20140E+01  1.63604E-03
  7.22632E+01  1.63980E-03
  7.25124E+01  1.64202E-03
  7.27615E+01  1.63891E-03
  7.30107E+01  1.63503E-03
  7.32599E+01  1.63713E-03
  7.35091E+01  1.64248E-03
  7.37583E+01  1.64210E-03
  7.40075E+01  1.63617E-03
  7.42566E+01  1.63525E-03
  7.45058E+01  1.64206E-03
  7.47550E+01  1.64497E-03
  7.50042E+01  1.63911E-03
  7.52534E+01  1.63573E-03
  7.55026E+01  1.64149E-03
  7.57517E+01  1.64682E-03
  7.60009E+01  1.64270E-03
  7.62501E+01  1.63740E-03
  7.64993E+01  1.64234E-03
  7.67485E+01  1.64911E-03
  7.69977E+01  1.64542E-03
  7.72468E+01  1.64032E-03
  7.74960E+01  1.64477E-03
  7.77452E+01  1.65051E-03
  7.79944E+01  1.64883E-03
  7.82436E+01  1.64499E-03
  7.84928E+01  1.64632E-03
  7.87419E+01  1.65208E-03
  7.89911E+01  1.65459E-03
  7.92403E+01  1.64998E-03
  7.94895E+01  1.64741E-03
  7.97387E+01  1.65442E-03
  7.99879E+01  1.66061E-03
  8.02370E+01  1.65644E-03
  8.04862E+01  1.65117E-03
  8.07354E+01  1.65521E-03
  8.09846E+01  1.66387E-03
  8.12338E+01  1.66566E-03
  8.14830E+01  1.65847E-03
  8.17321E+01  1.65597E-03
  8.19813E+01  1.66644E-03
  8.22305E+01  1.67359E-03
  8.24797E+01  1.66552E-03
  8.27289E+01  1.66040E-03
  8.29781E+01  1.67095E-03
  8.32272E+01  1.67857E-03
  8.34764E+01  1.67147E-03
  8.37256E+01  1.66683E-03
  8.39748E+01  1.67538E-03
  8.42240E+01  1.68321E-03
  8.44732E+01  1.67871E-03
  8.47223E+01  1.67197E-03
  8.49715E+01  1.67761E-03
  8.52207E+01  1.68828E-03
