#
#  Date of conversion : 10/31/16
#  Time of conversion : 12:49:49 -07:00
#
# Fit function for dominant peak is of exponential type
#  asymmetry factor :  1.35   shape coefficient :  1.60
#
#   det.bal.  Chi^2    peak    FWHM    pos.  %bkgr.  input file
#     ok       3.38  8.49E+02  1.10  -9.841   0.85   ../scan12.dat
#     ok       3.62  8.79E+02  1.09  -8.726   0.77   ../scan13.dat
#     ok       4.18  8.41E+02  1.13  -9.023   0.65   ../scan14.dat
#     ok       3.61  8.41E+02  1.11  -8.513   0.79   ../scan15.dat
#     ok       3.14  8.55E+02  1.07  -9.097   0.86   ../scan16.dat
#     ok       2.89  8.54E+02  1.07  -9.717   0.84   ../scan17.dat
#     ok       3.22  8.66E+02  1.12  -8.613   0.79   ../scan18.dat
#     ok       4.07  7.92E+02  1.11  -7.466   0.71   ../scan19.dat
#     ok       2.95  8.42E+02  1.12  -8.066   0.95   ../scan20.dat
#     ok       2.47  8.32E+02  1.11  -8.361   0.66   ../scan21.dat
#
@page size 600,600
@view 0.12,0.1,0.97,0.93
@subtitle "PHOENIX module padd, 10/31/16 at 12:49:49 -07:00"
@xaxes scale Normal
@yaxes scale Normal
@xaxis label "energy (meV)"
@yaxis label "counts"
@s0 errorbar size 0.0
@type xydy
 -6.75997E+01  0.00000E+00  0.00000E+00
 -6.73505E+01  0.00000E+00  0.00000E+00
 -6.71013E+01  0.00000E+00  0.00000E+00
 -6.68521E+01  0.00000E+00  0.00000E+00
 -6.66029E+01  3.57949E+00  4.94680E+00
 -6.63538E+01  3.30042E+00  3.29663E+00
 -6.61046E+01  6.53753E+00  3.92650E+00
 -6.58554E+01  4.99906E+00  1.64685E+00
 -6.56062E+01  2.36971E+00  2.16127E+00
 -6.53570E+01  5.62662E+00  2.72129E+00
 -6.51078E+01  3.58118E+00  3.82464E-01
 -6.48587E+01  9.06352E-01  1.93221E+00
 -6.46095E+01  3.06542E+00  1.36107E+00
 -6.43603E+01  1.49998E+00  0.00000E+00
 -6.41111E+01  1.66698E+00  1.74692E+00
 -6.38619E+01  4.73243E+00  2.03733E+00
 -6.36127E+01  1.48751E+00  1.78115E+00
 -6.33636E+01  3.28209E+00  1.25844E+00
 -6.31144E+01  2.46518E+00  1.59180E+00
 -6.28652E+01  3.66986E+00  2.39657E+00
 -6.26160E+01  5.42757E+00  2.00316E+00
 -6.23668E+01  3.73026E+00  1.46360E+00
 -6.21176E+01  3.21095E+00  1.72967E+00
 -6.18685E+01  1.03778E+00  1.42981E+00
 -6.16193E+01  4.16404E+00  2.22119E+00
 -6.13701E+01  5.04486E+00  2.25145E+00
 -6.11209E+01  4.26135E+00  1.99711E+00
 -6.08717E+01  3.25716E+00  1.76846E+00
 -6.06225E+01  3.35795E+00  1.73030E+00
 -6.03734E+01  3.66580E+00  1.94493E+00
 -6.01242E+01  3.73403E+00  2.39500E+00
 -5.98750E+01  4.55603E+00  1.66159E+00
 -5.96258E+01  3.53053E+00  1.46984E+00
 -5.93766E+01  1.99241E+00  1.36308E+00
 -5.91274E+01  1.47651E+00  1.45387E+00
 -5.88783E+01  3.64386E+00  2.43740E+00
 -5.86291E+01  7.51693E+00  2.44449E+00
 -5.83799E+01  5.20855E+00  2.21252E+00
 -5.81307E+01  3.10627E+00  1.73056E+00
 -5.78815E+01  5.53767E+00  2.10922E+00
 -5.76323E+01  4.52166E+00  2.76909E+00
 -5.73832E+01  9.04886E+00  2.53377E+00
 -5.71340E+01  5.78130E+00  2.45382E+00
 -5.68848E+01  6.18280E+00  2.26858E+00
 -5.66356E+01  2.88385E+00  2.55142E+00
 -5.63864E+01  1.17556E+01  3.05013E+00
 -5.61372E+01  7.28049E+00  3.26983E+00
 -5.58881E+01  9.92738E+00  3.02792E+00
 -5.56389E+01  1.12439E+01  3.08874E+00
 -5.53897E+01  8.69815E+00  3.41133E+00
 -5.51405E+01  1.34566E+01  3.38638E+00
 -5.48913E+01  1.21888E+01  3.85223E+00
 -5.46421E+01  1.56915E+01  4.10762E+00
 -5.43930E+01  1.42087E+01  3.44344E+00
 -5.41438E+01  1.41088E+01  4.01086E+00
 -5.38946E+01  2.02984E+01  4.92869E+00
 -5.36454E+01  2.01610E+01  4.16335E+00
 -5.33962E+01  1.79321E+01  4.44898E+00
 -5.31470E+01  1.79828E+01  3.29898E+00
 -5.28979E+01  1.13881E+01  3.43381E+00
 -5.26487E+01  1.40321E+01  3.90150E+00
 -5.23995E+01  1.41878E+01  4.06216E+00
 -5.21503E+01  1.55705E+01  4.00516E+00
 -5.19011E+01  1.66679E+01  4.57987E+00
 -5.16519E+01  2.23256E+01  4.15998E+00
 -5.14028E+01  1.89867E+01  4.61683E+00
 -5.11536E+01  1.91457E+01  3.64733E+00
 -5.09044E+01  1.62293E+01  4.10773E+00
 -5.06552E+01  1.86391E+01  3.71400E+00
 -5.04060E+01  1.28199E+01  3.94904E+00
 -5.01568E+01  1.43090E+01  3.80125E+00
 -4.99077E+01  1.35231E+01  3.92779E+00
 -4.96585E+01  1.54802E+01  3.63497E+00
 -4.94093E+01  1.40129E+01  4.04735E+00
 -4.91601E+01  1.61635E+01  3.43001E+00
 -4.89109E+01  1.65013E+01  3.89216E+00
 -4.86617E+01  1.65910E+01  4.33343E+00
 -4.84126E+01  1.41172E+01  3.73129E+00
 -4.81634E+01  1.14884E+01  3.13818E+00
 -4.79142E+01  1.21785E+01  4.04833E+00
 -4.76650E+01  1.55082E+01  3.50785E+00
 -4.74158E+01  1.67176E+01  4.17150E+00
 -4.71666E+01  2.37165E+01  4.94710E+00
 -4.69175E+01  1.98262E+01  4.47274E+00
 -4.66683E+01  2.06240E+01  4.10367E+00
 -4.64191E+01  1.66243E+01  4.03381E+00
 -4.61699E+01  1.73974E+01  4.53718E+00
 -4.59207E+01  1.76661E+01  3.87691E+00
 -4.56715E+01  1.80355E+01  4.48382E+00
 -4.54224E+01  1.84009E+01  4.29306E+00
 -4.51732E+01  1.55834E+01  3.63577E+00
 -4.49240E+01  2.15291E+01  4.84611E+00
 -4.46748E+01  2.55759E+01  4.72563E+00
 -4.44256E+01  1.95414E+01  4.68305E+00
 -4.41764E+01  2.47672E+01  5.08445E+00
 -4.39273E+01  2.72324E+01  4.93140E+00
 -4.36781E+01  1.69136E+01  4.45411E+00
 -4.34289E+01  2.58524E+01  4.90572E+00
 -4.31797E+01  2.21228E+01  4.73208E+00
 -4.29305E+01  2.24936E+01  5.13529E+00
 -4.26813E+01  2.52430E+01  4.81272E+00
 -4.24322E+01  3.28463E+01  5.64647E+00
 -4.21830E+01  2.61664E+01  4.74807E+00
 -4.19338E+01  2.14820E+01  5.06834E+00
 -4.16846E+01  2.45156E+01  4.68259E+00
 -4.14354E+01  2.31563E+01  5.10025E+00
 -4.11862E+01  2.91636E+01  5.15322E+00
 -4.09371E+01  2.32983E+01  4.81827E+00
 -4.06879E+01  2.14718E+01  4.92753E+00
 -4.04387E+01  3.04944E+01  5.35190E+00
 -4.01895E+01  2.92796E+01  5.35300E+00
 -3.99403E+01  2.69979E+01  5.23482E+00
 -3.96911E+01  2.35118E+01  4.64098E+00
 -3.94420E+01  2.91227E+01  5.55567E+00
 -3.91928E+01  4.08229E+01  6.34177E+00
 -3.89436E+01  2.94922E+01  5.44149E+00
 -3.86944E+01  2.29219E+01  4.56197E+00
 -3.84452E+01  1.68458E+01  3.85495E+00
 -3.81960E+01  3.08343E+01  5.96862E+00
 -3.79469E+01  3.08152E+01  5.31175E+00
 -3.76977E+01  2.96107E+01  5.37021E+00
 -3.74485E+01  3.44230E+01  6.17595E+00
 -3.71993E+01  3.33241E+01  5.43942E+00
 -3.69501E+01  3.43545E+01  6.17796E+00
 -3.67009E+01  3.24770E+01  5.39999E+00
 -3.64518E+01  3.00736E+01  5.64895E+00
 -3.62026E+01  3.06427E+01  5.35879E+00
 -3.59534E+01  3.10982E+01  6.03369E+00
 -3.57042E+01  3.74555E+01  6.08496E+00
 -3.54550E+01  4.85935E+01  7.30643E+00
 -3.52058E+01  5.22160E+01  6.78005E+00
 -3.49567E+01  4.15417E+01  7.01214E+00
 -3.47075E+01  5.37156E+01  6.84465E+00
 -3.44583E+01  4.37744E+01  6.34528E+00
 -3.42091E+01  4.45909E+01  7.15825E+00
 -3.39599E+01  5.05525E+01  6.95256E+00
 -3.37107E+01  6.50193E+01  8.03631E+00
 -3.34616E+01  5.12427E+01  7.03542E+00
 -3.32124E+01  6.02889E+01  8.08596E+00
 -3.29632E+01  5.31397E+01  6.96959E+00
 -3.27140E+01  5.98153E+01  8.09605E+00
 -3.24648E+01  5.95048E+01  7.57607E+00
 -3.22156E+01  5.93035E+01  7.47372E+00
 -3.19665E+01  6.58860E+01  8.15151E+00
 -3.17173E+01  6.57782E+01  7.93132E+00
 -3.14681E+01  6.90884E+01  8.52475E+00
 -3.12189E+01  7.42104E+01  8.77495E+00
 -3.09697E+01  7.17732E+01  8.52966E+00
 -3.07205E+01  7.41937E+01  8.90294E+00
 -3.04714E+01  8.30151E+01  9.24391E+00
 -3.02222E+01  9.19264E+01  9.26519E+00
 -2.99730E+01  8.02423E+01  9.27206E+00
 -2.97238E+01  8.80754E+01  9.25407E+00
 -2.94746E+01  8.44042E+01  8.96284E+00
 -2.92254E+01  8.44439E+01  9.39494E+00
 -2.89763E+01  9.55865E+01  9.46537E+00
 -2.87271E+01  8.02086E+01  9.26174E+00
 -2.84779E+01  8.24336E+01  8.77590E+00
 -2.82287E+01  8.07941E+01  9.20088E+00
 -2.79795E+01  8.84776E+01  9.01398E+00
 -2.77303E+01  7.16626E+01  8.31697E+00
 -2.74812E+01  6.72144E+01  8.13581E+00
 -2.72320E+01  6.34962E+01  8.05968E+00
 -2.69828E+01  6.39140E+01  7.76945E+00
 -2.67336E+01  6.91806E+01  8.21009E+00
 -2.64844E+01  6.14562E+01  8.04642E+00
 -2.62352E+01  6.75340E+01  8.47435E+00
 -2.59861E+01  6.43715E+01  7.50681E+00
 -2.57369E+01  4.87178E+01  6.68447E+00
 -2.54877E+01  5.28335E+01  7.62599E+00
 -2.52385E+01  6.03117E+01  7.50816E+00
 -2.49893E+01  5.48184E+01  7.13371E+00
 -2.47401E+01  5.16801E+01  7.46747E+00
 -2.44910E+01  5.28735E+01  7.16652E+00
 -2.42418E+01  5.01618E+01  7.10445E+00
 -2.39926E+01  5.45017E+01  7.44231E+00
 -2.37434E+01  5.49221E+01  7.38061E+00
 -2.34942E+01  5.34245E+01  7.21872E+00
 -2.32450E+01  5.25757E+01  6.91423E+00
 -2.29959E+01  4.56451E+01  6.76443E+00
 -2.27467E+01  4.19128E+01  6.42816E+00
 -2.24975E+01  4.86134E+01  7.35871E+00
 -2.22483E+01  5.30374E+01  6.88672E+00
 -2.19991E+01  4.19244E+01  6.44474E+00
 -2.17499E+01  4.27612E+01  6.37281E+00
 -2.15008E+01  4.34462E+01  6.47585E+00
 -2.12516E+01  4.39841E+01  6.83822E+00
 -2.10024E+01  3.43577E+01  5.41267E+00
 -2.07532E+01  3.12173E+01  6.13490E+00
 -2.05040E+01  4.94033E+01  6.98846E+00
 -2.02548E+01  5.26038E+01  7.27034E+00
 -2.00057E+01  4.40063E+01  6.40315E+00
 -1.97565E+01  4.30929E+01  6.56434E+00
 -1.95073E+01  3.96454E+01  6.15312E+00
 -1.92581E+01  4.65434E+01  6.92298E+00
 -1.90089E+01  4.66785E+01  6.85743E+00
 -1.87597E+01  3.94856E+01  5.66551E+00
 -1.85106E+01  3.44132E+01  6.20899E+00
 -1.82614E+01  4.70881E+01  7.32071E+00
 -1.80122E+01  4.26555E+01  5.72078E+00
 -1.77630E+01  3.40689E+01  5.72716E+00
 -1.75138E+01  3.55545E+01  6.40025E+00
 -1.72646E+01  4.81949E+01  7.24442E+00
 -1.70155E+01  4.95148E+01  6.64247E+00
 -1.67663E+01  4.06330E+01  6.52641E+00
 -1.65171E+01  4.10042E+01  6.56360E+00
 -1.62679E+01  4.85769E+01  7.10744E+00
 -1.60187E+01  4.33326E+01  5.83413E+00
 -1.57695E+01  3.41856E+01  5.73547E+00
 -1.55204E+01  4.20447E+01  6.85140E+00
 -1.52712E+01  4.55062E+01  6.83166E+00
 -1.50220E+01  4.45495E+01  6.40123E+00
 -1.47728E+01  3.84634E+01  6.22633E+00
 -1.45236E+01  4.13344E+01  6.49264E+00
 -1.42744E+01  4.20249E+01  6.56937E+00
 -1.40253E+01  4.36654E+01  5.95205E+00
 -1.37761E+01  3.58053E+01  6.45049E+00
 -1.35269E+01  4.92534E+01  6.77857E+00
 -1.32777E+01  4.27941E+01  6.72954E+00
 -1.30285E+01  3.98531E+01  6.40513E+00
 -1.27793E+01  4.27988E+01  5.86618E+00
 -1.25302E+01  3.56674E+01  6.42339E+00
 -1.22810E+01  3.95812E+01  6.13665E+00
 -1.20318E+01  3.94964E+01  6.59167E+00
 -1.17826E+01  4.38206E+01  6.29196E+00
 -1.15334E+01  3.82643E+01  6.01102E+00
 -1.12842E+01  3.24352E+01  6.30775E+00
 -1.10351E+01  4.32107E+01  6.78414E+00
 -1.07859E+01  5.19931E+01  6.94280E+00
 -1.05367E+01  4.90813E+01  6.94494E+00
 -1.02875E+01  4.34478E+01  6.32888E+00
 -1.00383E+01  4.02172E+01  6.45004E+00
 -9.78915E+00  4.27455E+01  6.60734E+00
 -9.53996E+00  5.01970E+01  7.14206E+00
 -9.29078E+00  4.38733E+01  6.39290E+00
 -9.04160E+00  4.32281E+01  6.70730E+00
 -8.79241E+00  5.14885E+01  7.23427E+00
 -8.54323E+00  4.17038E+01  5.96847E+00
 -8.29405E+00  4.17055E+01  7.00668E+00
 -8.04486E+00  4.86385E+01  6.38980E+00
 -7.79568E+00  3.92359E+01  6.42952E+00
 -7.54650E+00  4.46476E+01  6.76551E+00
 -7.29731E+00  5.05790E+01  7.39605E+00
 -7.04813E+00  4.45343E+01  6.13886E+00
 -6.79895E+00  3.88337E+01  6.56704E+00
 -6.54976E+00  4.95986E+01  6.87725E+00
 -6.30058E+00  4.49476E+01  6.67489E+00
 -6.05140E+00  4.40693E+01  6.49446E+00
 -5.80221E+00  3.94537E+01  6.07709E+00
 -5.55303E+00  4.26982E+01  6.87740E+00
 -5.30385E+00  5.38901E+01  7.75089E+00
 -5.05466E+00  5.74622E+01  6.60062E+00
 -4.80548E+00  3.55194E+01  5.99545E+00
 -4.55630E+00  4.95285E+01  7.71496E+00
 -4.30711E+00  5.73554E+01  7.45767E+00
 -4.05793E+00  5.93668E+01  7.89637E+00
 -3.80875E+00  6.44571E+01  8.03860E+00
 -3.55956E+00  5.81468E+01  7.71927E+00
 -3.31038E+00  6.85096E+01  8.40697E+00
 -3.06120E+00  6.68162E+01  8.11898E+00
 -2.81201E+00  7.16646E+01  8.60321E+00
 -2.56283E+00  8.68875E+01  9.88875E+00
 -2.31365E+00  1.05873E+02  1.09632E+01
 -2.06446E+00  1.42261E+02  1.28875E+01
 -1.81528E+00  1.95857E+02  1.54298E+01
 -1.56610E+00  2.85879E+02  1.94904E+01
 -1.31691E+00  5.40502E+02  2.80908E+01
 -1.06773E+00  1.12610E+03  4.01429E+01
 -8.18548E-01  2.33332E+03  5.68633E+01
 -5.69365E-01  4.30819E+03  7.29342E+01
 -3.20181E-01  6.46321E+03  8.56280E+01
 -7.09979E-02  7.86222E+03  8.87926E+01
  1.78185E-01  7.58363E+03  8.17656E+01
  4.27369E-01  5.76243E+03  6.78474E+01
  6.76552E-01  3.58332E+03  5.21278E+01
  9.25735E-01  1.97734E+03  3.67680E+01
  1.17492E+00  9.18297E+02  2.53761E+01
  1.42410E+00  4.69104E+02  1.87249E+01
  1.67329E+00  2.67258E+02  1.43155E+01
  1.92247E+00  1.52561E+02  1.10024E+01
  2.17165E+00  1.01361E+02  9.09416E+00
  2.42084E+00  7.68499E+01  8.87695E+00
  2.67002E+00  6.42301E+01  6.90469E+00
  2.91920E+00  5.13393E+01  7.41815E+00
  3.16839E+00  5.53850E+01  7.96976E+00
  3.41757E+00  6.67632E+01  8.16348E+00
  3.66675E+00  6.43350E+01  7.21143E+00
  3.91594E+00  5.27482E+01  7.22034E+00
  4.16512E+00  5.43014E+01  7.47722E+00
  4.41430E+00  5.08243E+01  7.20683E+00
  4.66349E+00  5.35472E+01  6.90579E+00
  4.91267E+00  5.01404E+01  7.67019E+00
  5.16185E+00  5.45548E+01  7.09541E+00
  5.41104E+00  4.94472E+01  7.11607E+00
  5.66022E+00  5.73396E+01  7.89752E+00
  5.90940E+00  6.00522E+01  6.87560E+00
  6.15859E+00  4.63621E+01  7.70722E+00
  6.40777E+00  6.45182E+01  7.68048E+00
  6.65695E+00  5.25528E+01  7.21715E+00
  6.90614E+00  5.75631E+01  8.03325E+00
  7.15532E+00  6.52417E+01  7.12231E+00
  7.40450E+00  5.05049E+01  7.90310E+00
  7.65369E+00  6.20437E+01  7.49817E+00
  7.90287E+00  5.95196E+01  8.08597E+00
  8.15205E+00  5.94269E+01  7.48336E+00
  8.40124E+00  5.93920E+01  7.51742E+00
  8.65042E+00  5.57770E+01  7.73661E+00
  8.89960E+00  6.12818E+01  8.25454E+00
  9.14879E+00  6.85902E+01  7.96322E+00
  9.39797E+00  5.74350E+01  7.25896E+00
  9.64715E+00  6.20539E+01  8.41412E+00
  9.89634E+00  7.49061E+01  8.89878E+00
  1.01455E+01  7.60539E+01  7.86158E+00
  1.03947E+01  5.33719E+01  7.13199E+00
  1.06439E+01  5.86178E+01  8.36869E+00
  1.08931E+01  7.05513E+01  7.75084E+00
  1.11423E+01  5.78716E+01  7.40045E+00
  1.13914E+01  4.84478E+01  7.43253E+00
  1.16406E+01  6.33318E+01  8.24224E+00
  1.18898E+01  7.10613E+01  8.16490E+00
  1.21390E+01  6.51529E+01  8.33933E+00
  1.23882E+01  7.61245E+01  8.55108E+00
  1.26374E+01  6.25101E+01  7.43371E+00
  1.28865E+01  5.48266E+01  8.40572E+00
  1.31357E+01  7.52673E+01  8.12350E+00
  1.33849E+01  6.86189E+01  8.28200E+00
  1.36341E+01  7.55239E+01  8.87848E+00
  1.38833E+01  7.93948E+01  9.17146E+00
  1.41325E+01  7.56313E+01  8.98997E+00
  1.43816E+01  8.03034E+01  8.37483E+00
  1.46308E+01  6.72551E+01  7.55120E+00
  1.48800E+01  6.68220E+01  8.80048E+00
  1.51292E+01  7.00303E+01  8.40219E+00
  1.53784E+01  7.89265E+01  8.75911E+00
  1.56276E+01  7.36078E+01  8.42150E+00
  1.58767E+01  6.20472E+01  8.14619E+00
  1.61259E+01  8.33788E+01  9.31585E+00
  1.63751E+01  7.84225E+01  8.43087E+00
  1.66243E+01  7.47621E+01  8.77834E+00
  1.68735E+01  7.40871E+01  8.77852E+00
  1.71227E+01  7.30011E+01  8.31515E+00
  1.73718E+01  7.25028E+01  8.80747E+00
  1.76210E+01  7.32673E+01  8.36791E+00
  1.78702E+01  7.39978E+01  8.42378E+00
  1.81194E+01  7.22740E+01  8.37297E+00
  1.83686E+01  6.95917E+01  8.74558E+00
  1.86178E+01  8.15371E+01  9.53300E+00
  1.88669E+01  8.70884E+01  8.98823E+00
  1.91161E+01  8.90543E+01  9.81082E+00
  1.93653E+01  9.98318E+01  9.87275E+00
  1.96145E+01  9.92324E+01  9.83696E+00
  1.98637E+01  8.05792E+01  8.27602E+00
  2.01129E+01  7.96640E+01  9.30325E+00
  2.03620E+01  8.99042E+01  1.01446E+01
  2.06112E+01  1.05458E+02  1.03831E+01
  2.08604E+01  1.08047E+02  1.07187E+01
  2.11096E+01  1.08165E+02  1.03630E+01
  2.13588E+01  1.04826E+02  1.01002E+01
  2.16080E+01  1.13474E+02  1.06015E+01
  2.18571E+01  1.08311E+02  1.00331E+01
  2.21063E+01  1.01038E+02  1.01970E+01
  2.23555E+01  1.07723E+02  1.03737E+01
  2.26047E+01  1.06445E+02  1.03184E+01
  2.28539E+01  1.10434E+02  1.04468E+01
  2.31031E+01  1.07092E+02  1.02083E+01
  2.33522E+01  1.04598E+02  1.05588E+01
  2.36014E+01  1.12853E+02  1.10416E+01
  2.38506E+01  1.30785E+02  1.19196E+01
  2.40998E+01  1.50386E+02  1.19089E+01
  2.43490E+01  1.38245E+02  1.15643E+01
  2.45982E+01  1.33965E+02  1.21194E+01
  2.48473E+01  1.49451E+02  1.23513E+01
  2.50965E+01  1.73491E+02  1.29857E+01
  2.53457E+01  1.61531E+02  1.27732E+01
  2.55949E+01  1.64184E+02  1.30390E+01
  2.58441E+01  1.69457E+02  1.36935E+01
  2.60933E+01  1.77311E+02  1.25355E+01
  2.63424E+01  1.73606E+02  1.37839E+01
  2.65916E+01  1.93481E+02  1.44818E+01
  2.68408E+01  2.23262E+02  1.50950E+01
  2.70900E+01  2.16909E+02  1.46299E+01
  2.73392E+01  2.24138E+02  1.49331E+01
  2.75884E+01  2.28685E+02  1.54589E+01
  2.78375E+01  2.44695E+02  1.57485E+01
  2.80867E+01  2.53377E+02  1.59531E+01
  2.83359E+01  2.56681E+02  1.59305E+01
  2.85851E+01  2.43367E+02  1.58881E+01
  2.88343E+01  2.62984E+02  1.65384E+01
  2.90835E+01  2.52641E+02  1.58244E+01
  2.93326E+01  2.64920E+02  1.62400E+01
  2.95818E+01  2.46043E+02  1.53067E+01
  2.98310E+01  2.53487E+02  1.64105E+01
  3.00802E+01  2.74186E+02  1.61794E+01
  3.03294E+01  2.50791E+02  1.57770E+01
  3.05786E+01  2.55727E+02  1.59697E+01
  3.08277E+01  2.55582E+02  1.57428E+01
  3.10769E+01  2.23820E+02  1.50233E+01
  3.13261E+01  2.35761E+02  1.56043E+01
  3.15753E+01  2.44254E+02  1.54369E+01
  3.18245E+01  2.11899E+02  1.43711E+01
  3.20737E+01  2.05574E+02  1.41649E+01
  3.23228E+01  2.09177E+02  1.45818E+01
  3.25720E+01  2.01302E+02  1.39453E+01
  3.28212E+01  1.86569E+02  1.36539E+01
  3.30704E+01  1.89353E+02  1.36441E+01
  3.33196E+01  2.00407E+02  1.45489E+01
  3.35688E+01  1.86050E+02  1.32015E+01
  3.38179E+01  1.73045E+02  1.32087E+01
  3.40671E+01  1.72915E+02  1.29044E+01
  3.43163E+01  1.72594E+02  1.31600E+01
  3.45655E+01  1.77413E+02  1.33660E+01
  3.48147E+01  1.72568E+02  1.31124E+01
  3.50639E+01  1.66497E+02  1.28369E+01
  3.53130E+01  1.57271E+02  1.27196E+01
  3.55622E+01  1.52056E+02  1.22450E+01
  3.58114E+01  1.49831E+02  1.20897E+01
  3.60606E+01  1.51475E+02  1.21737E+01
  3.63098E+01  1.43391E+02  1.21673E+01
  3.65590E+01  1.55473E+02  1.22046E+01
  3.68081E+01  1.42950E+02  1.20675E+01
  3.70573E+01  1.35394E+02  1.11876E+01
  3.73065E+01  1.29923E+02  1.14283E+01
  3.75557E+01  1.26286E+02  1.15393E+01
  3.78049E+01  1.37078E+02  1.14844E+01
  3.80541E+01  1.20596E+02  1.09426E+01
  3.83032E+01  1.29385E+02  1.15443E+01
  3.85524E+01  1.30276E+02  1.11022E+01
  3.88016E+01  1.23546E+02  1.13079E+01
  3.90508E+01  1.45002E+02  1.27101E+01
  3.93000E+01  1.64645E+02  1.23462E+01
  3.95492E+01  1.28069E+02  1.11384E+01
  3.97983E+01  1.33803E+02  1.17680E+01
  4.00475E+01  1.33953E+02  1.15181E+01
  4.02967E+01  1.40392E+02  1.16380E+01
  4.05459E+01  1.33462E+02  1.19839E+01
  4.07951E+01  1.35540E+02  1.15179E+01
  4.10443E+01  1.24028E+02  1.10776E+01
  4.12934E+01  1.25534E+02  1.11845E+01
  4.15426E+01  1.16805E+02  1.11339E+01
  4.17918E+01  1.29268E+02  1.13192E+01
  4.20410E+01  1.32483E+02  1.10736E+01
  4.22902E+01  1.17316E+02  1.09118E+01
  4.25394E+01  1.13297E+02  1.00676E+01
  4.27885E+01  9.92563E+01  1.04435E+01
  4.30377E+01  1.18688E+02  1.10146E+01
  4.32869E+01  1.17267E+02  1.07054E+01
  4.35361E+01  1.04538E+02  1.02254E+01
  4.37853E+01  1.13807E+02  1.09036E+01
  4.40345E+01  1.10616E+02  1.03110E+01
  4.42836E+01  1.09788E+02  1.04462E+01
  4.45328E+01  1.05303E+02  1.07144E+01
  4.47820E+01  1.18566E+02  1.07197E+01
  4.50312E+01  1.07803E+02  1.00895E+01
  4.52804E+01  8.90639E+01  8.93012E+00
  4.55296E+01  8.96470E+01  9.68715E+00
  4.57787E+01  9.21239E+01  1.01509E+01
  4.60279E+01  9.97767E+01  9.59046E+00
  4.62771E+01  9.55576E+01  9.77917E+00
  4.65263E+01  7.92054E+01  8.72467E+00
  4.67755E+01  8.18452E+01  9.06494E+00
  4.70247E+01  7.49707E+01  8.88182E+00
  4.72738E+01  9.71111E+01  1.01126E+01
  4.75230E+01  8.10686E+01  8.48569E+00
  4.77722E+01  8.16441E+01  9.20550E+00
  4.80214E+01  8.42007E+01  9.43337E+00
  4.82706E+01  9.25308E+01  9.74280E+00
  4.85198E+01  8.79989E+01  8.76236E+00
  4.87689E+01  8.18376E+01  9.46107E+00
  4.90181E+01  8.74609E+01  9.54429E+00
  4.92673E+01  9.13853E+01  9.45744E+00
  4.95165E+01  8.60480E+01  9.42736E+00
  4.97657E+01  9.68597E+01  1.04702E+01
  5.00149E+01  1.05360E+02  9.84513E+00
  5.02640E+01  1.12609E+02  1.07034E+01
  5.05132E+01  1.02277E+02  1.04689E+01
  5.07624E+01  1.10719E+02  1.03151E+01
  5.10116E+01  1.17842E+02  1.13063E+01
  5.12608E+01  1.35880E+02  1.17331E+01
  5.15100E+01  1.26121E+02  1.10803E+01
  5.17591E+01  1.25179E+02  1.12724E+01
  5.20083E+01  1.28195E+02  1.14417E+01
  5.22575E+01  1.39844E+02  1.21555E+01
  5.25067E+01  1.50786E+02  1.21190E+01
  5.27559E+01  1.25171E+02  1.07954E+01
  5.30051E+01  1.22340E+02  1.14703E+01
  5.32542E+01  1.14994E+02  1.02966E+01
  5.35034E+01  1.15896E+02  1.09053E+01
  5.37526E+01  1.12904E+02  1.01987E+01
  5.40018E+01  1.11694E+02  1.08829E+01
  5.42510E+01  9.97004E+01  9.82208E+00
  5.45002E+01  9.40238E+01  9.32083E+00
  5.47493E+01  8.21327E+01  9.19565E+00
  5.49985E+01  8.19933E+01  8.71786E+00
  5.52477E+01  6.41230E+01  7.41283E+00
  5.54969E+01  6.70633E+01  8.47042E+00
  5.57461E+01  6.54608E+01  7.90257E+00
  5.59953E+01  5.83121E+01  7.56539E+00
  5.62444E+01  4.18123E+01  5.66934E+00
  5.64936E+01  3.86981E+01  6.79225E+00
  5.67428E+01  4.13166E+01  5.68243E+00
  5.69920E+01  2.72598E+01  5.72765E+00
  5.72412E+01  3.35068E+01  5.67659E+00
  5.74904E+01  3.38907E+01  5.69698E+00
  5.77395E+01  2.10851E+01  3.88721E+00
  5.79887E+01  1.37605E+01  3.68891E+00
  5.82379E+01  1.78394E+01  4.32062E+00
  5.84871E+01  1.98030E+01  4.78713E+00
  5.87363E+01  1.62582E+01  3.43061E+00
  5.89855E+01  9.00464E+00  3.00173E+00
  5.92346E+01  1.18161E+01  3.67884E+00
  5.94838E+01  1.53077E+01  4.28624E+00
  5.97330E+01  1.25695E+01  2.75875E+00
  5.99822E+01  1.17394E+01  4.11264E+00
  6.02314E+01  1.89729E+01  3.67952E+00
  6.04806E+01  9.64909E+00  3.44882E+00
  6.07297E+01  1.41877E+01  3.61257E+00
  6.09789E+01  1.22121E+01  3.73647E+00
  6.12281E+01  1.31110E+01  3.34290E+00
  6.14773E+01  1.14428E+01  3.39392E+00
  6.17265E+01  1.19726E+01  3.53521E+00
  6.19757E+01  1.12960E+01  3.19805E+00
  6.22248E+01  8.95527E+00  3.61800E+00
  6.24740E+01  1.69380E+01  3.85585E+00
  6.27232E+01  1.60750E+01  3.89698E+00
  6.29724E+01  6.69102E+00  2.25280E+00
  6.32216E+01  7.69655E+00  3.00508E+00
  6.34708E+01  7.52199E+00  2.27881E+00
  6.37199E+01  6.30080E+00  2.64203E+00
  6.39691E+01  8.42521E+00  2.95230E+00
  6.42183E+01  5.72377E+00  2.35940E+00
  6.44675E+01  9.13377E+00  3.49661E+00
  6.47167E+01  1.44055E+01  3.67113E+00
  6.49659E+01  1.27272E+01  3.58668E+00
  6.52150E+01  1.16506E+01  3.30174E+00
  6.54642E+01  1.10336E+01  2.97660E+00
  6.57134E+01  8.62738E+00  3.13164E+00
  6.59626E+01  9.51269E+00  2.98680E+00
  6.62118E+01  7.94755E+00  2.71230E+00
  6.64610E+01  7.71394E+00  2.96667E+00
  6.67101E+01  5.64804E+00  1.73577E+00
  6.69593E+01  4.95915E+00  2.65460E+00
  6.72085E+01  7.34867E+00  2.30779E+00
  6.74577E+01  8.52751E+00  3.51339E+00
  6.77069E+01  9.81013E+00  2.91456E+00
  6.79561E+01  6.67138E+00  1.84811E+00
  6.82052E+01  5.21234E+00  2.68390E+00
  6.84544E+01  9.40158E+00  3.33251E+00
  6.87036E+01  1.33220E+01  3.67013E+00
  6.89528E+01  1.11960E+01  3.24174E+00
  6.92020E+01  1.05118E+01  3.23236E+00
  6.94512E+01  9.31452E+00  2.87798E+00
  6.97003E+01  1.15713E+01  3.75875E+00
  6.99495E+01  1.04205E+01  2.84123E+00
  7.01987E+01  8.43447E+00  2.78708E+00
  7.04479E+01  9.51057E+00  3.26891E+00
  7.06971E+01  6.34777E+00  1.60257E+00
  7.09463E+01  5.72354E+00  3.07985E+00
  7.11954E+01  8.81767E+00  3.37631E+00
  7.14446E+01  1.03802E+01  2.70450E+00
  7.16938E+01  7.03979E+00  2.49739E+00
  7.19430E+01  4.58353E+00  2.00249E+00
  7.21922E+01  7.13909E+00  2.38403E+00
  7.24414E+01  6.09353E+00  2.80507E+00
  7.26905E+01  7.15606E+00  2.36968E+00
  7.29397E+01  8.67567E+00  3.32002E+00
  7.31889E+01  7.48185E+00  2.38411E+00
  7.34381E+01  7.65109E+00  3.20582E+00
  7.36873E+01  7.33607E+00  2.20259E+00
  7.39365E+01  8.39235E+00  2.52118E+00
  7.41856E+01  4.82239E+00  2.54518E+00
  7.44348E+01  6.31901E+00  2.28497E+00
  7.46840E+01  6.26111E+00  2.68503E+00
  7.49332E+01  6.45735E+00  2.80599E+00
  7.51824E+01  6.59359E+00  2.51385E+00
  7.54316E+01  5.86801E+00  1.88323E+00
  7.56807E+01  5.73428E+00  2.84234E+00
  7.59299E+01  6.52092E+00  2.46511E+00
  7.61791E+01  6.66869E+00  2.97749E+00
  7.64283E+01  1.11222E+01  2.79982E+00
  7.66775E+01  5.70216E+00  2.67912E+00
  7.69267E+01  6.10483E+00  2.56495E+00
  7.71758E+01  6.24221E+00  1.82082E+00
  7.74250E+01  5.40063E+00  2.27945E+00
  7.76742E+01  6.76039E+00  2.99983E+00
  7.79234E+01  4.71945E+00  2.31546E+00
  7.81726E+01  8.23941E+00  3.20807E+00
  7.84218E+01  8.84569E+00  2.33667E+00
  7.86709E+01  5.42142E+00  2.01424E+00
  7.89201E+01  4.25165E+00  2.05813E+00
  7.91693E+01  4.92442E+00  2.03653E+00
  7.94185E+01  5.35304E+00  2.30712E+00
  7.96677E+01  7.69770E+00  3.28990E+00
  7.99169E+01  1.23367E+01  3.49686E+00
  8.01660E+01  8.39184E+00  2.97140E+00
  8.04152E+01  7.54410E+00  2.69948E+00
  8.06644E+01  7.50089E+00  2.41842E+00
  8.09136E+01  4.67729E+00  2.30662E+00
  8.11628E+01  3.99189E+00  2.13255E+00
  8.14120E+01  6.13305E+00  3.16594E+00
  8.16611E+01  9.84038E+00  2.96772E+00
  8.19103E+01  9.91016E+00  2.75603E+00
  8.21595E+01  1.21174E+01  3.46096E+00
  8.24087E+01  7.66042E+00  2.58177E+00
  8.26579E+01  7.56645E+00  3.22515E+00
  8.29071E+01  9.33974E+00  2.54409E+00
  8.31562E+01  5.61900E+00  2.52486E+00
  8.34054E+01  7.25486E+00  2.83505E+00
  8.36546E+01  5.25719E+00  2.22783E+00
  8.39038E+01  2.59503E+00  1.71824E+00
  8.41530E+01  4.09814E+00  3.52012E+00
  8.44022E+01  5.10058E+00  5.11954E+00
  8.46513E+01  1.23430E+01  8.79576E+00
  8.49005E+01  6.02233E+00  3.40470E-06
  8.51497E+01  0.00000E+00  0.00000E+00
