#
#  Date of conversion : 10/31/16
#  Time of conversion : 12:49:49 -07:00
#
# Fit function for dominant peak is of exponential type
#  asymmetry factor :  1.35   shape coefficient :  1.60
#
#   det.bal.  Chi^2    peak    FWHM    pos.  %bkgr.  input file
#     ??       2.18  7.51E+02  1.11  -9.859   0.10   ../scan12.dat
#     ??       2.89  7.73E+02  1.09  -8.743   0.24   ../scan13.dat
#     ??       4.87  7.78E+02  1.09  -9.099   0.19   ../scan14.dat
#     ??       4.47  7.81E+02  1.09  -8.541   0.24   ../scan15.dat
#     ??       3.24  7.41E+02  1.10  -9.117   0.12   ../scan16.dat
#     ??       4.63  7.44E+02  1.11  -9.718   0.29   ../scan17.dat
#     ??       4.40  7.75E+02  1.12  -8.661   0.17   ../scan18.dat
#     ??       1.56  7.32E+02  1.11  -7.489   0.13   ../scan19.dat
#     ??       2.48  7.39E+02  1.14  -8.103   0.04   ../scan20.dat
#     ??       2.37  7.78E+02  1.10  -8.357   0.08   ../scan21.dat
#
@page size 600,600
@view 0.12,0.1,0.97,0.93
@subtitle "PHOENIX module padd, 10/31/16 at 12:49:49 -07:00"
@xaxes scale Normal
@yaxes scale Normal
@xaxis label "energy (meV)"
@yaxis label "counts"
@s0 errorbar size 0.0
@type xydy
 -6.73317E+01  0.00000E+00  0.00000E+00
 -6.70825E+01  0.00000E+00  0.00000E+00
 -6.68333E+01  0.00000E+00  0.00000E+00
 -6.65841E+01  0.00000E+00  0.00000E+00
 -6.63350E+01  0.00000E+00  0.00000E+00
 -6.60858E+01  0.00000E+00  0.00000E+00
 -6.58366E+01  1.35526E-04  2.96691E-02
 -6.55874E+01  4.12276E-01  1.40164E+00
 -6.53382E+01  2.26782E+00  1.78217E+00
 -6.50890E+01  2.56365E+00  1.28094E+00
 -6.48399E+01  1.16687E-01  5.64527E-01
 -6.45907E+01  6.72535E-01  1.36413E+00
 -6.43415E+01  2.99028E+00  1.41339E+00
 -6.40923E+01  7.84737E-01  6.06853E-01
 -6.38431E+01  3.38978E-01  9.50937E-01
 -6.35939E+01  8.32311E-01  0.00000E+00
 -6.33448E+01  0.00000E+00  0.00000E+00
 -6.30956E+01  2.03568E-01  4.68514E-01
 -6.28464E+01  1.34998E+00  1.34504E+00
 -6.25972E+01  6.73371E-01  4.62661E-01
 -6.23480E+01  3.70161E-01  8.95675E-01
 -6.20988E+01  6.87752E-01  3.68222E-01
 -6.18497E+01  8.74783E-01  1.94319E+00
 -6.16005E+01  3.62738E+00  1.08780E+00
 -6.13513E+01  1.87661E+00  1.33356E+00
 -6.11021E+01  8.82210E-01  2.77893E-01
 -6.08529E+01  1.30138E-01  9.73451E-01
 -6.06037E+01  9.11407E-01  0.00000E+00
 -6.03546E+01  0.00000E+00  0.00000E+00
 -6.01054E+01  0.00000E+00  0.00000E+00
 -5.98562E+01  9.11843E-03  2.29239E-01
 -5.96070E+01  3.04394E-01  9.80462E-01
 -5.93578E+01  1.75352E+00  1.00211E+00
 -5.91086E+01  1.42056E+00  1.38667E+00
 -5.88595E+01  7.24435E-01  5.21172E-01
 -5.86103E+01  1.06718E+00  1.39469E+00
 -5.83611E+01  1.26071E+00  3.89551E-01
 -5.81119E+01  1.03719E+00  1.04099E+00
 -5.78627E+01  1.31604E+00  1.38119E+00
 -5.76135E+01  2.00132E+00  1.44480E+00
 -5.73644E+01  1.07957E+00  9.29352E-01
 -5.71152E+01  8.21743E-01  1.91285E-01
 -5.68660E+01  9.64671E-01  9.88295E-01
 -5.66168E+01  6.79037E-02  2.93192E-01
 -5.63676E+01  8.06864E-01  9.53821E-01
 -5.61184E+01  1.93897E-01  0.00000E+00
 -5.58693E+01  0.00000E+00  0.00000E+00
 -5.56201E+01  7.45018E-03  2.06226E-01
 -5.53709E+01  4.01690E-01  1.10420E+00
 -5.51217E+01  2.64011E+00  1.42730E+00
 -5.48725E+01  1.17049E+00  1.35563E+00
 -5.46233E+01  1.10955E+00  3.36902E-01
 -5.43742E+01  8.52078E-01  1.32827E+00
 -5.41250E+01  1.05460E+00  4.07392E-01
 -5.38758E+01  1.38733E-01  0.00000E+00
 -5.36266E+01  1.39014E-02  3.11777E-01
 -5.33774E+01  2.55038E-01  9.92952E-01
 -5.31282E+01  2.07485E+00  1.13592E+00
 -5.28791E+01  2.01552E+00  1.40562E+00
 -5.26299E+01  1.80292E+00  1.43636E+00
 -5.23807E+01  1.31219E+00  1.45332E+00
 -5.21315E+01  1.58224E+00  1.37847E+00
 -5.18823E+01  2.49265E+00  9.34045E-01
 -5.16331E+01  1.52692E-01  3.94075E-01
 -5.13840E+01  8.66062E-01  9.37650E-01
 -5.11348E+01  1.48600E-01  3.88689E-01
 -5.08856E+01  8.91524E-01  9.48665E-01
 -5.06364E+01  0.00000E+00  0.00000E+00
 -5.03872E+01  3.06404E-03  2.77664E-01
 -5.01380E+01  1.17220E-01  9.54112E-01
 -4.98889E+01  9.07028E-01  0.00000E+00
 -4.96397E+01  2.82903E-01  9.78905E-01
 -4.93905E+01  7.86303E-01  1.35237E-01
 -4.91413E+01  9.43771E-02  9.75265E-01
 -4.88921E+01  9.09359E-01  2.80665E-01
 -4.86429E+01  6.09962E-02  0.00000E+00
 -4.83938E+01  0.00000E+00  0.00000E+00
 -4.81446E+01  1.49442E-02  1.54383E-01
 -4.78954E+01  7.27715E-01  1.03034E+00
 -4.76462E+01  4.24993E-01  0.00000E+00
 -4.73970E+01  0.00000E+00  0.00000E+00
 -4.71478E+01  0.00000E+00  0.00000E+00
 -4.68987E+01  0.00000E+00  0.00000E+00
 -4.66495E+01  0.00000E+00  0.00000E+00
 -4.64003E+01  9.87468E-02  3.43103E-01
 -4.61511E+01  1.64904E+00  1.41916E+00
 -4.59019E+01  4.99532E-01  2.14171E-01
 -4.56527E+01  2.53925E-01  9.95455E-01
 -4.54036E+01  8.55730E-01  0.00000E+00
 -4.51544E+01  0.00000E+00  0.00000E+00
 -4.49052E+01  0.00000E+00  0.00000E+00
 -4.46560E+01  0.00000E+00  0.00000E+00
 -4.44068E+01  1.79726E-02  1.42901E-01
 -4.41576E+01  1.95620E+00  1.45849E+00
 -4.39085E+01  9.61257E-01  1.00321E+00
 -4.36593E+01  2.59258E+00  1.68279E+00
 -4.34101E+01  8.01345E-01  4.35897E-01
 -4.31609E+01  1.03717E+00  1.14013E+00
 -4.29117E+01  1.20319E+00  8.91301E-01
 -4.26625E+01  0.00000E+00  0.00000E+00
 -4.24134E+01  1.11995E-01  4.37280E-01
 -4.21642E+01  7.32170E-01  9.21500E-01
 -4.19150E+01  3.15325E-01  3.33298E-01
 -4.16658E+01  1.53908E+00  1.51137E+00
 -4.14166E+01  1.78106E+00  9.05491E-01
 -4.11674E+01  9.18305E-01  9.69816E-01
 -4.09183E+01  1.90438E-01  0.00000E+00
 -4.06691E+01  0.00000E+00  0.00000E+00
 -4.04199E+01  5.05619E-01  1.00831E+00
 -4.01707E+01  1.55317E+00  1.22898E+00
 -3.99215E+01  2.15059E+00  1.32559E+00
 -3.96723E+01  1.17671E+00  1.38317E+00
 -3.94232E+01  1.47785E+00  7.96304E-01
 -3.91740E+01  2.28316E+00  1.61443E+00
 -3.89248E+01  7.29303E-01  3.59566E-01
 -3.86756E+01  8.27642E-01  9.63128E-01
 -3.84264E+01  2.14319E-01  1.23630E-01
 -3.81772E+01  5.80065E-01  9.87110E-01
 -3.79281E+01  4.85973E-01  1.59277E-01
 -3.76789E+01  4.88282E-01  9.64809E-01
 -3.74297E+01  1.19647E+00  1.03605E+00
 -3.71805E+01  1.16287E+00  1.02983E+00
 -3.69313E+01  1.13474E+00  1.01561E+00
 -3.66821E+01  1.20039E+00  1.01232E+00
 -3.64330E+01  1.08373E+00  1.08582E+00
 -3.61838E+01  1.19888E+00  9.24150E-01
 -3.59346E+01  0.00000E+00  0.00000E+00
 -3.56854E+01  0.00000E+00  0.00000E+00
 -3.54362E+01  1.44077E-02  3.88586E-01
 -3.51870E+01  1.73937E+00  1.65880E+00
 -3.49379E+01  2.21746E+00  1.43924E+00
 -3.46887E+01  1.63527E+00  1.35598E+00
 -3.44395E+01  6.44758E-01  3.93335E-01
 -3.41903E+01  2.10951E+00  1.77168E+00
 -3.39411E+01  2.31492E+00  1.40745E+00
 -3.36919E+01  1.21315E+00  5.21567E-01
 -3.34428E+01  1.93069E+00  1.67743E+00
 -3.31936E+01  1.70132E+00  1.00034E+00
 -3.29444E+01  3.64234E-01  0.00000E+00
 -3.26952E+01  3.97541E-01  9.85674E-01
 -3.24460E+01  1.33049E+00  1.14742E+00
 -3.21968E+01  1.57577E+00  1.03792E+00
 -3.19477E+01  1.89463E+00  1.38485E+00
 -3.16985E+01  9.56872E-01  9.56817E-01
 -3.14493E+01  5.02476E-01  3.05997E-01
 -3.12001E+01  1.19950E+00  1.40565E+00
 -3.09509E+01  1.78743E+00  9.82622E-01
 -3.07017E+01  3.21411E-01  2.35302E-01
 -3.04526E+01  1.31525E-02  0.00000E+00
 -3.02034E+01  0.00000E+00  0.00000E+00
 -2.99542E+01  0.00000E+00  0.00000E+00
 -2.97050E+01  7.38280E-01  9.62006E-01
 -2.94558E+01  4.41112E-01  4.64103E-01
 -2.92066E+01  9.09748E-01  9.62658E-01
 -2.89575E+01  1.15613E-01  0.00000E+00
 -2.87083E+01  0.00000E+00  0.00000E+00
 -2.84591E+01  0.00000E+00  0.00000E+00
 -2.82099E+01  2.36953E-01  5.59063E-01
 -2.79607E+01  2.19836E+00  1.53204E+00
 -2.77115E+01  1.74508E+00  1.24472E+00
 -2.74624E+01  5.53623E-01  8.29026E-01
 -2.72132E+01  1.97890E+00  1.54643E+00
 -2.69640E+01  1.44340E+00  9.59409E-01
 -2.67148E+01  3.40197E-01  0.00000E+00
 -2.64656E+01  6.96764E-03  9.94542E-02
 -2.62164E+01  7.43542E-01  9.91696E-01
 -2.59673E+01  3.56941E-01  0.00000E+00
 -2.57181E+01  1.36453E-03  3.32180E-01
 -2.54689E+01  5.60860E-01  9.63666E-01
 -2.52197E+01  5.46443E-01  0.00000E+00
 -2.49705E+01  0.00000E+00  0.00000E+00
 -2.47213E+01  7.18263E-03  3.50424E-01
 -2.44722E+01  6.92412E-01  1.07946E+00
 -2.42230E+01  1.23583E+00  8.84860E-01
 -2.39738E+01  2.87059E-01  0.00000E+00
 -2.37246E+01  1.02506E-01  5.51430E-01
 -2.34754E+01  9.15278E-01  1.33569E+00
 -2.32262E+01  2.25801E+00  1.14435E+00
 -2.29771E+01  1.22497E+00  9.37861E-01
 -2.27279E+01  8.56008E-01  1.11591E+00
 -2.24787E+01  1.35939E+00  8.85077E-01
 -2.22295E+01  0.00000E+00  0.00000E+00
 -2.19803E+01  5.30942E-02  4.79761E-01
 -2.17311E+01  8.71211E-01  1.34694E+00
 -2.14820E+01  1.30188E+00  0.00000E+00
 -2.12328E+01  7.95785E-01  1.58279E+00
 -2.09836E+01  3.28611E+00  1.37832E+00
 -2.07344E+01  4.13731E-01  0.00000E+00
 -2.04852E+01  9.41943E-01  1.42523E+00
 -2.02360E+01  1.84366E+00  1.00603E+00
 -1.99869E+01  4.58547E-01  0.00000E+00
 -1.97377E+01  0.00000E+00  0.00000E+00
 -1.94885E+01  0.00000E+00  0.00000E+00
 -1.92393E+01  1.18698E-01  5.14895E-01
 -1.89901E+01  1.13407E+00  1.32780E+00
 -1.87409E+01  9.92889E-01  2.21352E-01
 -1.84918E+01  2.80926E-01  1.07409E+00
 -1.82426E+01  1.54947E+00  1.00651E+00
 -1.79934E+01  1.05587E+00  9.59424E-01
 -1.77442E+01  7.75443E-01  1.02692E+00
 -1.74950E+01  1.14199E+00  9.41817E-01
 -1.72458E+01  7.31680E-01  5.66356E-01
 -1.69967E+01  1.45763E+00  1.59316E+00
 -1.67475E+01  1.50574E+00  2.94447E-01
 -1.64983E+01  4.38236E-02  0.00000E+00
 -1.62491E+01  0.00000E+00  0.00000E+00
 -1.59999E+01  0.00000E+00  0.00000E+00
 -1.57507E+01  1.02081E-01  5.25135E-01
 -1.55016E+01  1.80558E+00  1.67183E+00
 -1.52524E+01  1.47989E+00  9.60941E-02
 -1.50032E+01  2.69556E-02  4.25260E-01
 -1.47540E+01  4.94332E-01  9.40083E-01
 -1.45048E+01  6.26377E-01  0.00000E+00
 -1.42556E+01  0.00000E+00  0.00000E+00
 -1.40065E+01  2.55054E-01  1.11259E+00
 -1.37573E+01  2.16581E+00  1.18794E+00
 -1.35081E+01  2.01803E+00  1.58008E+00
 -1.32589E+01  1.02960E+00  4.16514E-01
 -1.30097E+01  1.13619E+00  1.07094E+00
 -1.27605E+01  7.52874E-01  1.26981E+00
 -1.25114E+01  1.18110E+00  5.81183E-01
 -1.22622E+01  1.17974E+00  1.07990E+00
 -1.20130E+01  1.17021E+00  1.22801E+00
 -1.17638E+01  6.13056E-01  5.10416E-01
 -1.15146E+01  1.62222E+00  1.35398E+00
 -1.12654E+01  1.11281E+00  1.35434E+00
 -1.10163E+01  1.36187E+00  2.91059E-01
 -1.07671E+01  3.51435E-02  0.00000E+00
 -1.05179E+01  0.00000E+00  0.00000E+00
 -1.02687E+01  6.09499E-01  1.04904E+00
 -1.00195E+01  1.68960E+00  1.47982E+00
 -9.77035E+00  1.13377E+00  0.00000E+00
 -9.52116E+00  2.04131E-03  2.02952E-01
 -9.27198E+00  5.04612E-01  1.38781E+00
 -9.02280E+00  3.91756E+00  1.77223E+00
 -8.77361E+00  3.46202E+00  1.95168E+00
 -8.52443E+00  2.49669E+00  1.06670E+00
 -8.27525E+00  1.22168E+00  1.17551E+00
 -8.02606E+00  2.05571E+00  1.35065E+00
 -7.77688E+00  7.01288E-01  9.76874E-01
 -7.52770E+00  1.15730E+00  1.49058E+00
 -7.27851E+00  3.27360E+00  1.74618E+00
 -7.02933E+00  3.61000E+00  1.77390E+00
 -6.78015E+00  2.64721E+00  1.35815E+00
 -6.53096E+00  1.59106E+00  1.39247E+00
 -6.28178E+00  3.42217E+00  2.03425E+00
 -6.03260E+00  4.57907E+00  1.78457E+00
 -5.78341E+00  1.78894E+00  1.24831E+00
 -5.53423E+00  1.00678E+00  1.01381E+00
 -5.28505E+00  1.50502E+00  1.46073E+00
 -5.03586E+00  3.32207E+00  2.03667E+00
 -4.78668E+00  4.73264E+00  1.99053E+00
 -4.53750E+00  4.74761E+00  2.10249E+00
 -4.28831E+00  3.40853E+00  1.34215E+00
 -4.03913E+00  1.75146E+00  1.75887E+00
 -3.78995E+00  6.81057E+00  3.14563E+00
 -3.54076E+00  1.16388E+01  3.79807E+00
 -3.29158E+00  1.72270E+01  4.17199E+00
 -3.04240E+00  1.78102E+01  4.08937E+00
 -2.79321E+00  1.99644E+01  5.56379E+00
 -2.54403E+00  3.10224E+01  5.68429E+00
 -2.29485E+00  4.42954E+01  7.06706E+00
 -2.04566E+00  6.37010E+01  9.62453E+00
 -1.79648E+00  1.27882E+02  1.34427E+01
 -1.54730E+00  2.42263E+02  1.84720E+01
 -1.29811E+00  4.53569E+02  2.64583E+01
 -1.04893E+00  1.03239E+03  3.99456E+01
 -7.99746E-01  2.24990E+03  5.61799E+01
 -5.50562E-01  4.05457E+03  7.06248E+01
 -3.01379E-01  5.89554E+03  8.12305E+01
 -5.21956E-02  6.98100E+03  8.31534E+01
  1.96988E-01  6.63901E+03  7.56993E+01
  4.46171E-01  5.02651E+03  6.34861E+01
  6.95354E-01  3.10911E+03  4.72877E+01
  9.44538E-01  1.61797E+03  3.23077E+01
  1.19372E+00  7.01666E+02  2.19275E+01
  1.44290E+00  3.53050E+02  1.57417E+01
  1.69209E+00  1.71444E+02  1.10619E+01
  1.94127E+00  9.05482E+01  8.16495E+00
  2.19045E+00  4.72451E+01  5.24117E+00
  2.43964E+00  2.02691E+01  3.21904E+00
  2.68882E+00  7.39213E+00  2.28168E+00
  2.93800E+00  6.57626E+00  2.40986E+00
  3.18719E+00  5.31760E+00  2.03073E+00
  3.43637E+00  2.66498E+00  1.68009E+00
  3.68555E+00  2.75237E+00  1.46746E+00
  3.93474E+00  2.57836E+00  1.42599E+00
  4.18392E+00  2.31950E+00  1.82170E+00
  4.43310E+00  3.17169E+00  1.49897E+00
  4.68229E+00  1.72014E+00  9.59089E-01
  4.93147E+00  2.96400E-01  1.01883E+00
  5.18065E+00  1.02192E+00  9.82475E-01
  5.42984E+00  1.02670E+00  7.75578E-01
  5.67902E+00  2.01393E+00  1.87556E+00
  5.92820E+00  4.22146E+00  1.42249E+00
  6.17739E+00  1.33663E-01  1.50395E-01
  6.42657E+00  1.10484E-03  0.00000E+00
  6.67575E+00  7.76432E-01  9.77484E-01
  6.92494E+00  3.62003E-01  3.65553E-01
  7.17412E+00  3.01428E-02  0.00000E+00
  7.42330E+00  1.26985E-02  2.09898E-01
  7.67249E+00  3.61895E-01  9.89864E-01
  7.92167E+00  7.63275E-01  3.36914E-02
  8.17085E+00  4.09491E-02  4.93005E-01
  8.42004E+00  1.49339E+00  1.94588E+00
  8.66922E+00  3.16241E+00  5.73976E-01
  8.91840E+00  8.23476E-01  9.34564E-01
  9.16759E+00  2.30817E-01  9.72573E-01
  9.41677E+00  8.34685E-01  0.00000E+00
  9.66595E+00  7.51781E-01  1.08089E+00
  9.91514E+00  5.62046E-01  9.33421E-01
  1.01643E+01  8.82491E-01  4.84419E-01
  1.04135E+01  1.29784E+00  1.37324E+00
  1.06627E+01  8.81355E-01  0.00000E+00
  1.09119E+01  0.00000E+00  0.00000E+00
  1.11611E+01  8.81999E-01  9.93470E-01
  1.14102E+01  2.13460E-01  3.18629E-01
  1.16594E+01  1.60203E+00  1.45092E+00
  1.19086E+01  1.03378E+00  9.38755E-01
  1.21578E+01  5.75862E-01  0.00000E+00
  1.24070E+01  1.12978E-01  1.01100E+00
  1.26562E+01  1.17407E+00  1.69920E+00
  1.29053E+01  2.75059E+00  1.49220E-01
  1.31545E+01  2.69070E-02  9.81731E-01
  1.34037E+01  9.69208E-01  1.00032E+00
  1.36529E+01  1.02214E+00  3.48291E-01
  1.39021E+01  2.95303E-01  9.73401E-01
  1.41513E+01  9.73614E-01  1.08274E+00
  1.44004E+01  2.06442E+00  1.35160E+00
  1.46496E+01  1.24145E+00  9.88734E-01
  1.48988E+01  8.78434E-01  3.15929E-01
  1.51480E+01  8.04923E-01  1.38630E+00
  1.53972E+01  1.34485E+00  3.67985E-01
  1.56464E+01  2.63916E-01  9.54699E-01
  1.58955E+01  8.24250E-01  0.00000E+00
  1.61447E+01  1.58143E-01  9.73036E-01
  1.63939E+01  1.47408E+00  9.83668E-01
  1.66431E+01  4.97561E-01  3.24106E-01
  1.68923E+01  1.07596E+00  1.68865E+00
  1.71415E+01  2.18501E+00  1.13683E+00
  1.73906E+01  2.15648E+00  1.36136E+00
  1.76398E+01  9.37504E-01  2.55377E-01
  1.78890E+01  9.69305E-01  1.37896E+00
  1.81382E+01  9.88525E-01  2.81781E-01
  1.83874E+01  7.22040E-02  0.00000E+00
  1.86366E+01  3.66830E-02  2.77874E-01
  1.88857E+01  1.58316E+00  1.39365E+00
  1.91349E+01  5.46666E-01  0.00000E+00
  1.93841E+01  0.00000E+00  0.00000E+00
  1.96333E+01  9.47909E-01  9.89525E-01
  1.98825E+01  1.18935E-01  2.29332E-01
  2.01317E+01  3.17301E-03  0.00000E+00
  2.03808E+01  0.00000E+00  0.00000E+00
  2.06300E+01  0.00000E+00  0.00000E+00
  2.08792E+01  3.04063E-01  5.86007E-01
  2.11284E+01  2.20402E+00  1.66334E+00
  2.13776E+01  9.53112E-01  4.95732E-01
  2.16268E+01  9.16857E-01  1.01684E+00
  2.18759E+01  7.17902E-01  1.04764E+00
  2.21251E+01  1.58288E+00  9.83252E-01
  2.23743E+01  8.82889E-01  9.73975E-01
  2.26235E+01  5.25100E-01  9.78784E-01
  2.28727E+01  1.61875E+00  1.00805E+00
  2.31219E+01  1.67234E-01  2.63087E-01
  2.33710E+01  3.21293E-03  0.00000E+00
  2.36202E+01  5.28102E-01  9.81898E-01
  2.38694E+01  1.86749E+00  1.40561E+00
  2.41186E+01  9.07622E-01  3.98923E-01
  2.43678E+01  9.70029E-03  0.00000E+00
  2.46170E+01  0.00000E+00  0.00000E+00
  2.48661E+01  0.00000E+00  0.00000E+00
  2.51153E+01  1.59539E+00  1.45930E+00
  2.53645E+01  2.36813E+00  1.53298E+00
  2.56137E+01  1.43495E+00  1.36287E+00
  2.58629E+01  2.03243E+00  1.41705E+00
  2.61121E+01  1.58427E+00  1.03193E+00
  2.63612E+01  1.08004E+00  8.84823E-01
  2.66104E+01  5.60108E-01  0.00000E+00
  2.68596E+01  0.00000E+00  0.00000E+00
  2.71088E+01  2.47720E-02  1.90899E-01
  2.73580E+01  1.54105E+00  1.37077E+00
  2.76072E+01  5.63146E-01  3.31155E-01
  2.78563E+01  9.73711E-01  1.14292E+00
  2.81055E+01  1.76471E+00  1.69772E+00
  2.83547E+01  1.62009E+00  0.00000E+00
  2.86039E+01  0.00000E+00  0.00000E+00
  2.88531E+01  0.00000E+00  0.00000E+00
  2.91023E+01  0.00000E+00  0.00000E+00
  2.93514E+01  0.00000E+00  0.00000E+00
  2.96006E+01  0.00000E+00  0.00000E+00
  2.98498E+01  8.12030E-01  9.93084E-01
  3.00990E+01  3.13184E-01  2.47256E-01
  3.03482E+01  1.39147E-02  0.00000E+00
  3.05974E+01  8.44480E-01  9.77745E-01
  3.08465E+01  3.48765E-01  4.93353E-01
  3.10957E+01  8.11015E-01  9.55649E-01
  3.13449E+01  2.28765E-01  0.00000E+00
  3.15941E+01  2.11855E-01  9.51591E-01
  3.18433E+01  7.95704E-01  3.65956E-01
  3.20925E+01  9.79737E-01  1.03709E+00
  3.23416E+01  7.09292E-01  1.02177E+00
  3.25908E+01  6.77061E-01  0.00000E+00
  3.28400E+01  2.50672E-02  2.69558E-01
  3.30892E+01  6.70627E-01  1.10737E+00
  3.33384E+01  1.47720E+00  8.84199E-01
  3.35876E+01  2.13318E-02  3.14496E-01
  3.38367E+01  3.20437E-01  9.65934E-01
  3.40859E+01  7.73324E-01  0.00000E+00
  3.43351E+01  3.66403E-02  2.21853E-01
  3.45843E+01  9.01197E-01  1.06342E+00
  3.48335E+01  1.14971E+00  9.52003E-01
  3.50827E+01  9.26483E-01  9.77832E-01
  3.53318E+01  2.17339E-01  2.56918E-01
  3.55810E+01  1.65696E+00  1.40109E+00
  3.58302E+01  4.54068E-01  2.45106E-01
  3.60794E+01  9.40960E-01  1.15663E+00
  3.63286E+01  1.28427E+00  1.32165E+00
  3.65778E+01  1.16680E+00  1.01391E+00
  3.68269E+01  1.56953E+00  1.03927E+00
  3.70761E+01  4.18845E-01  0.00000E+00
  3.73253E+01  6.78962E-03  1.23932E-01
  3.75745E+01  5.13994E-01  1.00589E+00
  3.78237E+01  1.25938E+00  9.50693E-01
  3.80729E+01  4.63240E-01  3.56775E-01
  3.83220E+01  7.67606E-04  0.00000E+00
  3.85712E+01  0.00000E+00  0.00000E+00
  3.88204E+01  0.00000E+00  0.00000E+00
  3.90696E+01  1.68440E-02  1.42882E-01
  3.93188E+01  8.39949E-01  9.86662E-01
  3.95680E+01  2.20440E-01  0.00000E+00
  3.98171E+01  0.00000E+00  0.00000E+00
  4.00663E+01  4.38977E-02  6.45461E-01
  4.03155E+01  9.04266E-01  1.32969E+00
  4.05647E+01  1.36391E+00  3.09708E-01
  4.08139E+01  7.52095E-01  9.61033E-01
  4.10631E+01  1.03879E+00  1.04822E+00
  4.13122E+01  7.66607E-01  1.01509E+00
  4.15614E+01  8.05944E-01  0.00000E+00
  4.18106E+01  1.58044E-02  4.86854E-01
  4.20598E+01  3.59202E-01  9.18657E-01
  4.23090E+01  8.40995E-01  4.05514E-01
  4.25582E+01  7.73026E-01  9.41845E-01
  4.28073E+01  3.79261E-01  3.77627E-01
  4.30565E+01  9.32772E-01  9.76025E-01
  4.33057E+01  0.00000E+00  0.00000E+00
  4.35549E+01  2.99279E-03  3.72771E-01
  4.38041E+01  5.13213E-01  9.94912E-01
  4.40533E+01  1.92766E+00  1.14322E+00
  4.43024E+01  1.44646E+00  1.34830E+00
  4.45516E+01  5.49714E-01  2.31545E-01
  4.48008E+01  1.15432E-01  3.70406E-01
  4.50500E+01  1.40238E+00  1.37486E+00
  4.52992E+01  7.71597E-01  0.00000E+00
  4.55484E+01  0.00000E+00  0.00000E+00
  4.57975E+01  7.33212E-01  1.39330E+00
  4.60467E+01  1.38900E+00  0.00000E+00
  4.62959E+01  0.00000E+00  0.00000E+00
  4.65451E+01  9.87733E-04  4.39754E-02
  4.67943E+01  5.47766E-01  9.81323E-01
  4.70435E+01  1.47013E+00  1.00783E+00
  4.72926E+01  2.04537E-01  5.74256E-01
  4.75418E+01  4.44461E-01  1.05194E+00
  4.77910E+01  2.16942E+00  1.35658E+00
  4.80402E+01  7.44613E-01  0.00000E+00
  4.82894E+01  0.00000E+00  0.00000E+00
  4.85386E+01  0.00000E+00  0.00000E+00
  4.87877E+01  5.91768E-02  4.19184E-01
  4.90369E+01  6.70675E-01  9.50759E-01
  4.92861E+01  1.50612E+00  1.41350E+00
  4.95353E+01  2.73292E+00  1.77438E+00
  4.97845E+01  1.94640E+00  1.01550E+00
  5.00337E+01  8.58110E-01  3.87963E-01
  5.02828E+01  2.13268E-01  1.03978E+00
  5.05320E+01  1.29587E+00  1.02385E+00
  5.07812E+01  2.29770E+00  1.38382E+00
  5.10304E+01  5.43828E-01  2.91177E-01
  5.12796E+01  5.83025E-01  9.65273E-01
  5.15288E+01  1.37385E+00  1.11845E+00
  5.17779E+01  1.40092E+00  1.38021E+00
  5.20271E+01  9.77265E-01  0.00000E+00
  5.22763E+01  0.00000E+00  0.00000E+00
  5.25255E+01  0.00000E+00  0.00000E+00
  5.27747E+01  4.22802E-01  9.55978E-01
  5.30239E+01  6.58593E-01  3.44653E-01
  5.32730E+01  2.36240E-02  0.00000E+00
  5.35222E+01  0.00000E+00  0.00000E+00
  5.37714E+01  3.05218E-02  2.45613E-01
  5.40206E+01  1.04745E+00  1.38217E+00
  5.42698E+01  1.65648E+00  1.02241E+00
  5.45190E+01  5.80457E-01  2.96609E-01
  5.47681E+01  4.45689E-02  0.00000E+00
  5.50173E+01  4.23745E-01  9.92794E-01
  5.52665E+01  6.88697E-01  1.13529E-01
  5.55157E+01  1.38638E-02  1.95701E-01
  5.57649E+01  2.10264E-01  1.00917E+00
  5.60141E+01  9.32737E-01  2.85215E-01
  5.62632E+01  6.61194E-01  9.86269E-01
  5.65124E+01  1.43547E+00  1.44734E+00
  5.67616E+01  3.27328E+00  1.82890E+00
  5.70108E+01  3.72063E+00  1.67275E+00
  5.72600E+01  8.90541E-01  3.83667E-01
  5.75092E+01  8.54808E-01  9.54442E-01
  5.77583E+01  1.16280E-01  2.83725E-01
  5.80075E+01  1.09960E+00  1.37840E+00
  5.82567E+01  1.10987E+00  2.58803E-01
  5.85059E+01  4.01641E-01  9.97421E-01
  5.87551E+01  1.27636E+00  1.05187E+00
  5.90043E+01  6.32998E-01  0.00000E+00
  5.92534E+01  1.51869E-02  2.24122E-01
  5.95026E+01  3.84809E-01  9.98065E-01
  5.97518E+01  1.19267E+00  1.03700E+00
  6.00010E+01  1.18698E+00  1.03966E+00
  6.02502E+01  6.46322E-01  3.31597E-01
  6.04994E+01  7.64783E-01  1.38214E+00
  6.07485E+01  1.38471E+00  2.03330E-01
  6.09977E+01  6.62496E-02  3.07315E-01
  6.12469E+01  6.07773E-01  1.03425E+00
  6.14961E+01  1.60242E+00  9.93559E-01
  6.17453E+01  0.00000E+00  0.00000E+00
  6.19945E+01  0.00000E+00  0.00000E+00
  6.22436E+01  0.00000E+00  0.00000E+00
  6.24928E+01  1.79374E-02  1.35521E-01
  6.27420E+01  1.02139E+00  1.02771E+00
  6.29912E+01  1.08330E+00  1.38774E+00
  6.32404E+01  1.13924E+00  3.49102E-01
  6.34896E+01  9.32442E-02  2.76312E-01
  6.37387E+01  6.72510E-01  9.80036E-01
  6.39879E+01  4.22804E-01  0.00000E+00
  6.42371E+01  0.00000E+00  0.00000E+00
  6.44863E+01  0.00000E+00  0.00000E+00
  6.47355E+01  5.09912E-01  9.86190E-01
  6.49847E+01  6.19329E-01  4.68675E-01
  6.52338E+01  5.05256E-01  9.86148E-01
  6.54830E+01  1.13281E+00  1.00598E+00
  6.57322E+01  8.03474E-01  3.58897E-01
  6.59814E+01  1.01359E+00  1.03218E+00
  6.62306E+01  9.21941E-01  9.45806E-01
  6.64798E+01  1.89143E+00  1.43222E+00
  6.67289E+01  3.21618E-01  3.47971E-01
  6.69781E+01  7.99434E-01  1.03196E+00
  6.72273E+01  8.44648E-01  1.02128E+00
  6.74765E+01  1.55958E+00  1.02815E+00
  6.77257E+01  1.51513E+00  1.44556E+00
  6.79749E+01  8.51421E-01  3.08885E-01
  6.82240E+01  2.20621E-02  2.00345E-01
  6.84732E+01  4.96381E-01  9.95775E-01
  6.87224E+01  1.40880E+00  9.96504E-01
  6.89716E+01  3.88431E-01  4.70668E-01
  6.92208E+01  7.81068E-01  1.40302E+00
  6.94700E+01  2.39861E+00  9.66068E-01
  6.97191E+01  3.74882E-02  4.05654E-01
  6.99683E+01  6.16251E-01  9.70884E-01
  7.02175E+01  9.68535E-01  9.95484E-01
  7.04667E+01  1.38446E+00  9.85346E-01
  7.07159E+01  4.70448E-01  4.63146E-01
  7.09651E+01  1.57628E+00  1.72872E+00
  7.12142E+01  2.15670E+00  1.05049E+00
  7.14634E+01  1.14121E+00  9.94662E-01
  7.17126E+01  5.17099E-01  0.00000E+00
  7.19618E+01  0.00000E+00  0.00000E+00
  7.22110E+01  0.00000E+00  0.00000E+00
  7.24602E+01  0.00000E+00  0.00000E+00
  7.27093E+01  9.44220E-02  9.75498E-01
  7.29585E+01  8.98903E-01  3.01347E-01
  7.32077E+01  6.92239E-02  0.00000E+00
  7.34569E+01  0.00000E+00  0.00000E+00
  7.37061E+01  0.00000E+00  0.00000E+00
  7.39553E+01  5.53662E-02  3.17123E-01
  7.42044E+01  1.25577E+00  1.45044E+00
  7.44536E+01  2.48848E+00  1.39044E+00
  7.47028E+01  5.70614E-01  3.10088E-01
  7.49520E+01  9.04047E-02  4.58309E-01
  7.52012E+01  9.24724E-01  1.72384E+00
  7.54504E+01  2.80885E+00  1.42093E+00
  7.56995E+01  1.83042E+00  1.06549E+00
  7.59487E+01  9.28489E-01  0.00000E+00
  7.61979E+01  2.46826E-02  2.75525E-01
  7.64471E+01  6.51924E-01  1.42232E+00
  7.66963E+01  1.77148E+00  9.76987E-01
  7.69455E+01  1.48394E+00  1.04113E+00
  7.71946E+01  4.90486E-01  0.00000E+00
  7.74438E+01  0.00000E+00  0.00000E+00
  7.76930E+01  0.00000E+00  0.00000E+00
  7.79422E+01  0.00000E+00  0.00000E+00
  7.81914E+01  0.00000E+00  0.00000E+00
  7.84406E+01  5.30235E-01  1.37346E+00
  7.86897E+01  1.57513E+00  5.57217E-01
  7.89389E+01  2.69175E-01  9.84618E-01
  7.91881E+01  1.52622E+00  1.00272E+00
  7.94373E+01  6.73073E-01  1.01451E+00
  7.96865E+01  2.19649E+00  1.45182E+00
  7.99357E+01  8.83797E-01  0.00000E+00
  8.01848E+01  1.28376E-01  3.63134E-01
  8.04340E+01  1.48417E+00  1.49913E+00
  8.06832E+01  2.55203E+00  1.38432E+00
  8.09324E+01  3.66639E-01  1.02448E+00
  8.11816E+01  1.16723E+00  1.05647E+00
  8.14308E+01  1.71216E+00  9.94327E-01
  8.16799E+01  1.01640E-01  3.96069E-01
  8.19291E+01  3.12911E-01  9.76391E-01
  8.21783E+01  8.08843E-01  0.00000E+00
  8.24275E+01  9.93934E-04  2.14015E-01
  8.26767E+01  6.69938E-02  1.00884E+00
  8.29259E+01  1.10864E+00  3.80097E-02
  8.31750E+01  1.04006E+00  1.11531E+00
  8.34242E+01  1.49441E-01  2.90967E-01
  8.36734E+01  1.03784E+00  1.24298E+00
  8.39226E+01  4.62704E-01  1.69130E+00
  8.41718E+01  2.38483E+00  0.00000E+00
  8.44210E+01  0.00000E+00  0.00000E+00
  8.46701E+01  0.00000E+00  0.00000E+00
  8.49193E+01  0.00000E+00  0.00000E+00
  8.51685E+01  0.00000E+00  0.00000E+00
