@page size 600,600
@view 0.12,0.1,0.97,0.93
@subtitle "PHOENIX module phox, 10/31/16 at 12:49:49 -07:00"
@xaxes scale Normal
@yaxes scale Normal
@xaxis label "energy (meV)"
@yaxis label "data without elastic peak"
@s0 errorbar size 0.0
@type xydy
 -6.76023E+01 -3.35142E+00  1.00000E+00
 -6.73531E+01 -3.35087E+00  1.00000E+00
 -6.71040E+01 -3.35031E+00  1.00000E+00
 -6.68548E+01 -3.34994E+00  1.00000E+00
 -6.66056E+01  3.96202E-01  1.89177E+00
 -6.63564E+01  1.05335E-01  1.81677E+00
 -6.61072E+01  3.49197E+00  2.55686E+00
 -6.58580E+01  1.88220E+00  2.23588E+00
 -6.56089E+01 -8.68222E-01  1.53950E+00
 -6.53597E+01  2.53693E+00  2.37191E+00
 -6.51105E+01  3.99535E-01  1.89254E+00
 -6.48613E+01 -2.39765E+00  1.00007E+00
 -6.46121E+01 -1.40668E-01  1.75083E+00
 -6.43629E+01 -1.77647E+00  1.22478E+00
 -6.41138E+01 -1.60200E+00  1.29111E+00
 -6.38646E+01  1.60047E+00  2.17527E+00
 -6.36154E+01 -1.78776E+00  1.21999E+00
 -6.33662E+01  8.56830E-02  1.81164E+00
 -6.31170E+01 -7.67283E-01  1.57009E+00
 -6.28678E+01  4.90411E-01  1.91567E+00
 -6.26187E+01  2.32507E+00  2.32966E+00
 -6.23695E+01  5.53879E-01  1.93148E+00
 -6.21203E+01  1.16028E-02  1.79195E+00
 -6.18711E+01 -2.25569E+00  1.01882E+00
 -6.16219E+01  1.00563E+00  2.04060E+00
 -6.13727E+01  1.92412E+00  2.24606E+00
 -6.11236E+01  1.10693E+00  2.06433E+00
 -6.08744E+01  5.97570E-02  1.80482E+00
 -6.06252E+01  1.64535E-01  1.83246E+00
 -6.03760E+01  4.85481E-01  1.91463E+00
 -6.01268E+01  5.56509E-01  1.93236E+00
 -5.98776E+01  1.41283E+00  2.13447E+00
 -5.96285E+01  3.44545E-01  1.87901E+00
 -5.93793E+01 -1.25749E+00  1.41163E+00
 -5.91301E+01 -1.79494E+00  1.21517E+00
 -5.88809E+01  4.62521E-01  1.90896E+00
 -5.86317E+01  4.49410E+00  2.74170E+00
 -5.83825E+01  2.09088E+00  2.28226E+00
 -5.81334E+01 -9.74203E-02  1.76254E+00
 -5.78842E+01  2.43183E+00  2.35312E+00
 -5.76350E+01  1.37511E+00  2.12648E+00
 -5.73858E+01  6.08363E+00  3.00809E+00
 -5.71366E+01  2.68454E+00  2.40443E+00
 -5.68874E+01  3.10155E+00  2.48652E+00
 -5.66383E+01 -3.28525E-01  1.69832E+00
 -5.63891E+01  8.89155E+00  3.42839E+00
 -5.61399E+01  4.24248E+00  2.69846E+00
 -5.58907E+01  6.99076E+00  3.15079E+00
 -5.56415E+01  8.35717E+00  3.35319E+00
 -5.53923E+01  5.71144E+00  2.94929E+00
 -5.51432E+01  1.06518E+01  3.66824E+00
 -5.48940E+01  9.33451E+00  3.49128E+00
 -5.46448E+01  1.29684E+01  3.96113E+00
 -5.43956E+01  1.14277E+01  3.76944E+00
 -5.41464E+01  1.13223E+01  3.75617E+00
 -5.38972E+01  1.77431E+01  4.50533E+00
 -5.36481E+01  1.75982E+01  4.49010E+00
 -5.33989E+01  1.52832E+01  4.23468E+00
 -5.31497E+01  1.53330E+01  4.24061E+00
 -5.29005E+01  8.49137E+00  3.37465E+00
 -5.26513E+01  1.12313E+01  3.74594E+00
 -5.24021E+01  1.13908E+01  3.76667E+00
 -5.21529E+01  1.28219E+01  3.94593E+00
 -5.19038E+01  1.39568E+01  4.08261E+00
 -5.16546E+01  1.98159E+01  4.72484E+00
 -5.14054E+01  1.63547E+01  4.35737E+00
 -5.11562E+01  1.65167E+01  4.37558E+00
 -5.09070E+01  1.34937E+01  4.02858E+00
 -5.06578E+01  1.59863E+01  4.31727E+00
 -5.04087E+01  9.96054E+00  3.58065E+00
 -5.01595E+01  1.14983E+01  3.78267E+00
 -4.99103E+01  1.06839E+01  3.67740E+00
 -4.96611E+01  1.27071E+01  3.93449E+00
 -4.94119E+01  1.11870E+01  3.74339E+00
 -4.91627E+01  1.34093E+01  4.02035E+00
 -4.89136E+01  1.37567E+01  4.06217E+00
 -4.86644E+01  1.38473E+01  4.07320E+00
 -4.84152E+01  1.12869E+01  3.75726E+00
 -4.81660E+01  8.56783E+00  3.38946E+00
 -4.79168E+01  9.27951E+00  3.48977E+00
 -4.76676E+01  1.27184E+01  3.93799E+00
 -4.74185E+01  1.39658E+01  4.08869E+00
 -4.71693E+01  2.11924E+01  4.86977E+00
 -4.69201E+01  1.71723E+01  4.45267E+00
 -4.66709E+01  1.79932E+01  4.54136E+00
 -4.64217E+01  1.38607E+01  4.07732E+00
 -4.61725E+01  1.46560E+01  4.17101E+00
 -4.59234E+01  1.49311E+01  4.20310E+00
 -4.56742E+01  1.53097E+01  4.24681E+00
 -4.54250E+01  1.56839E+01  4.28960E+00
 -4.51758E+01  1.27750E+01  3.94759E+00
 -4.49266E+01  1.89050E+01  4.63991E+00
 -4.46774E+01  2.30755E+01  5.05721E+00
 -4.44283E+01  1.68507E+01  4.42070E+00
 -4.41791E+01  2.22322E+01  4.97653E+00
 -4.39299E+01  2.47704E+01  5.21839E+00
 -4.36807E+01  1.41330E+01  4.11263E+00
 -4.34315E+01  2.33404E+01  5.08448E+00
 -4.31823E+01  1.94955E+01  4.70354E+00
 -4.29332E+01  1.98730E+01  4.74273E+00
 -4.26840E+01  2.27004E+01  5.02417E+00
 -4.24348E+01  3.05266E+01  5.73112E+00
 -4.21856E+01  2.36445E+01  5.11531E+00
 -4.19364E+01  1.88188E+01  4.63490E+00
 -4.16872E+01  2.19371E+01  4.95129E+00
 -4.14381E+01  2.05352E+01  4.81213E+00
 -4.11889E+01  2.67109E+01  5.40019E+00
 -4.09397E+01  2.06738E+01  4.82682E+00
 -4.06905E+01  1.87923E+01  4.63378E+00
 -4.04413E+01  2.80665E+01  5.52213E+00
 -4.01921E+01  2.68138E+01  5.41108E+00
 -3.99430E+01  2.44638E+01  5.19599E+00
 -3.96938E+01  2.08765E+01  4.84899E+00
 -3.94446E+01  2.66397E+01  5.39663E+00
 -3.91954E+01  3.86550E+01  6.38927E+00
 -3.89462E+01  2.70098E+01  5.43073E+00
 -3.86970E+01  2.02567E+01  4.78777E+00
 -3.84479E+01  1.40132E+01  4.10450E+00
 -3.81987E+01  2.83691E+01  5.55254E+00
 -3.79495E+01  2.83485E+01  5.55114E+00
 -3.77003E+01  2.71077E+01  5.44158E+00
 -3.74511E+01  3.20412E+01  5.86709E+00
 -3.72019E+01  3.09088E+01  5.77271E+00
 -3.69528E+01  3.19602E+01  5.86125E+00
 -3.67036E+01  3.00299E+01  5.69890E+00
 -3.64544E+01  2.75593E+01  5.48394E+00
 -3.62052E+01  2.81381E+01  5.53559E+00
 -3.59560E+01  2.86002E+01  5.57657E+00
 -3.57068E+01  3.51105E+01  6.12003E+00
 -3.54577E+01  4.65181E+01  6.97075E+00
 -3.52085E+01  5.02244E+01  7.22600E+00
 -3.49593E+01  3.92809E+01  6.44536E+00
 -3.47101E+01  5.17428E+01  7.32908E+00
 -3.44609E+01  4.15538E+01  6.61626E+00
 -3.42117E+01  4.23815E+01  6.67763E+00
 -3.39626E+01  4.84764E+01  7.10995E+00
 -3.37134E+01  6.32756E+01  8.06323E+00
 -3.34642E+01  4.91686E+01  7.15845E+00
 -3.32150E+01  5.84160E+01  7.76459E+00
 -3.29658E+01  5.10924E+01  7.28972E+00
 -3.27166E+01  5.79108E+01  7.73398E+00
 -3.24675E+01  5.75847E+01  7.71394E+00
 -3.22183E+01  5.73683E+01  7.70088E+00
 -3.19691E+01  6.40888E+01  8.11702E+00
 -3.17199E+01  6.39676E+01  8.11038E+00
 -3.14707E+01  6.73395E+01  8.31193E+00
 -3.12215E+01  7.25618E+01  8.61451E+00
 -3.09724E+01  7.00604E+01  8.47193E+00
 -3.07232E+01  7.25190E+01  8.61354E+00
 -3.04740E+01  8.15187E+01  9.11130E+00
 -3.02248E+01  9.06033E+01  9.58782E+00
 -2.99756E+01  7.86593E+01  8.95784E+00
 -2.97264E+01  8.66402E+01  9.38480E+00
 -2.94773E+01  8.28807E+01  9.18721E+00
 -2.92281E+01  8.29050E+01  9.18934E+00
 -2.89789E+01  9.42593E+01  9.77677E+00
 -2.87297E+01  7.85571E+01  8.95593E+00
 -2.84805E+01  8.08128E+01  9.07929E+00
 -2.82313E+01  7.91274E+01  8.98856E+00
 -2.79822E+01  8.69471E+01  9.40618E+00
 -2.77330E+01  6.97966E+01  8.46562E+00
 -2.74838E+01  6.52454E+01  8.19842E+00
 -2.72346E+01  6.14456E+01  7.96845E+00
 -2.69854E+01  6.18606E+01  7.99462E+00
 -2.67362E+01  6.72149E+01  8.31745E+00
 -2.64871E+01  5.93376E+01  7.83949E+00
 -2.62379E+01  6.55136E+01  8.21782E+00
 -2.59887E+01  6.22827E+01  8.02310E+00
 -2.57395E+01  4.63378E+01  6.97982E+00
 -2.54903E+01  5.05185E+01  7.26865E+00
 -2.52411E+01  5.81201E+01  7.76601E+00
 -2.49920E+01  5.25228E+01  7.40401E+00
 -2.47428E+01  4.93201E+01  7.18894E+00
 -2.44936E+01  5.05248E+01  7.27140E+00
 -2.42444E+01  4.77588E+01  7.08251E+00
 -2.39952E+01  5.21631E+01  7.38251E+00
 -2.37460E+01  5.25819E+01  7.41094E+00
 -2.34969E+01  5.10508E+01  7.30923E+00
 -2.32477E+01  5.01797E+01  7.25092E+00
 -2.29985E+01  4.31277E+01  6.75609E+00
 -2.27493E+01  3.93293E+01  6.47402E+00
 -2.25001E+01  4.61282E+01  6.97231E+00
 -2.22509E+01  5.06136E+01  7.28264E+00
 -2.20018E+01  3.93229E+01  6.47506E+00
 -2.17526E+01  4.01626E+01  6.53919E+00
 -2.15034E+01  4.08522E+01  6.59138E+00
 -2.12542E+01  4.13906E+01  6.63204E+00
 -2.10050E+01  3.16163E+01  5.86158E+00
 -2.07558E+01  2.84239E+01  5.58728E+00
 -2.05067E+01  4.68628E+01  7.02852E+00
 -2.02575E+01  5.01051E+01  7.25279E+00
 -2.00083E+01  4.13776E+01  6.63372E+00
 -1.97591E+01  4.04445E+01  6.56451E+00
 -1.95099E+01  3.69431E+01  6.29647E+00
 -1.92607E+01  4.39268E+01  6.82222E+00
 -1.90116E+01  4.40577E+01  6.83216E+00
 -1.87624E+01  3.67642E+01  6.28390E+00
 -1.85132E+01  3.16188E+01  5.86637E+00
 -1.82640E+01  4.44491E+01  6.86207E+00
 -1.80148E+01  3.99534E+01  6.53113E+00
 -1.77656E+01  3.12535E+01  5.83694E+00
 -1.75165E+01  3.27499E+01  5.96274E+00
 -1.72673E+01  4.55355E+01  6.94203E+00
 -1.70181E+01  4.68657E+01  7.03662E+00
 -1.67689E+01  3.78722E+01  6.37440E+00
 -1.65197E+01  3.82411E+01  6.40345E+00
 -1.62705E+01  4.58929E+01  6.96965E+00
 -1.60214E+01  4.05843E+01  6.58282E+00
 -1.57722E+01  3.13291E+01  5.84704E+00
 -1.55230E+01  3.92672E+01  6.48421E+00
 -1.52738E+01  4.27585E+01  6.74583E+00
 -1.50246E+01  4.17845E+01  6.67454E+00
 -1.47754E+01  3.56286E+01  6.20194E+00
 -1.45263E+01  3.85213E+01  6.42914E+00
 -1.42771E+01  3.92127E+01  6.48265E+00
 -1.40279E+01  4.08617E+01  6.60793E+00
 -1.37787E+01  3.29200E+01  5.98378E+00
 -1.35295E+01  4.64889E+01  7.01804E+00
 -1.32803E+01  3.99633E+01  6.54177E+00
 -1.30312E+01  3.69875E+01  6.31297E+00
 -1.27820E+01  3.99526E+01  6.54202E+00
 -1.25328E+01  3.27524E+01  5.97225E+00
 -1.22836E+01  3.66940E+01  6.29136E+00
 -1.20344E+01  3.66021E+01  6.28462E+00
 -1.17852E+01  4.09553E+01  6.61968E+00
 -1.15361E+01  3.53488E+01  6.18589E+00
 -1.12869E+01  2.94666E+01  5.69532E+00
 -1.10377E+01  4.03209E+01  6.57355E+00
 -1.07885E+01  4.91615E+01  7.21062E+00
 -1.05393E+01  4.62200E+01  7.00581E+00
 -1.02901E+01  4.05383E+01  6.59154E+00
 -1.00410E+01  3.72775E+01  6.34175E+00
 -9.79178E+00  3.98163E+01  6.53800E+00
 -9.54260E+00  4.64913E+01  7.08495E+00
 -9.29341E+00  4.00072E+01  6.62372E+00
 -9.04423E+00  3.92224E+01  6.57481E+00
 -8.79505E+00  4.74976E+01  7.17551E+00
 -8.54586E+00  3.76379E+01  6.45789E+00
 -8.29668E+00  3.76096E+01  6.45798E+00
 -8.04750E+00  4.44835E+01  6.97410E+00
 -7.79831E+00  3.48712E+01  6.26390E+00
 -7.54913E+00  4.01283E+01  6.68187E+00
 -7.29995E+00  4.59456E+01  7.11186E+00
 -7.05076E+00  3.97677E+01  6.67343E+00
 -6.80158E+00  3.38345E+01  6.23169E+00
 -6.55240E+00  4.44402E+01  7.04258E+00
 -6.30321E+00  3.95146E+01  6.70432E+00
 -6.05403E+00  3.83678E+01  6.63847E+00
 -5.80484E+00  3.35771E+01  6.28124E+00
 -5.55566E+00  3.67315E+01  6.53437E+00
 -5.30648E+00  4.78192E+01  7.34096E+00
 -5.05729E+00  5.12037E+01  7.58037E+00
 -4.80811E+00  2.89882E+01  5.95991E+00
 -4.55893E+00  4.28249E+01  7.03761E+00
 -4.30974E+00  5.04412E+01  7.57330E+00
 -4.06056E+00  5.22936E+01  7.70498E+00
 -3.81138E+00  5.66366E+01  8.02851E+00
 -3.56219E+00  4.34885E+01  7.62543E+00
 -3.31301E+00  4.79174E+01  8.27702E+00
 -3.06383E+00  4.98179E+01  8.17412E+00
 -2.81464E+00  5.15577E+01  8.46548E+00
 -2.56546E+00  5.34890E+01  9.32130E+00
 -2.31628E+00  5.47661E+01  1.02894E+01
 -2.06709E+00  5.44336E+01  1.19272E+01
 -1.81791E+00  5.19008E+01  1.39948E+01
 -1.56873E+00  4.75763E+01  1.69079E+01
 -1.31954E+00  4.28578E+01  2.32483E+01
 -1.07036E+00  4.07293E+01  3.35570E+01
 -8.21178E-01  4.40918E+01  4.83039E+01
 -5.71994E-01  5.20851E+01  6.56361E+01
 -3.22811E-01  5.91815E+01  8.03935E+01
 -7.36276E-02  5.94637E+01  8.86688E+01
  1.75556E-01  5.20981E+01  8.70841E+01
  4.24739E-01  4.29347E+01  7.59112E+01
  6.73922E-01  3.88467E+01  5.98617E+01
  9.23106E-01  4.15810E+01  4.44681E+01
  1.17229E+00  4.76866E+01  3.03043E+01
  1.42147E+00  5.24929E+01  2.16592E+01
  1.67066E+00  5.37728E+01  1.63484E+01
  1.91984E+00  5.25506E+01  1.23518E+01
  2.16902E+00  5.10191E+01  1.00679E+01
  2.41821E+00  5.03126E+01  8.76650E+00
  2.66739E+00  5.03603E+01  8.01441E+00
  2.91657E+00  5.08611E+01  7.16518E+00
  3.16576E+00  4.84041E+01  7.44209E+00
  3.41494E+00  6.00059E+01  8.17084E+00
  3.66412E+00  5.78083E+01  8.02092E+00
  3.91331E+00  4.64933E+01  7.26285E+00
  4.16249E+00  4.82961E+01  7.36894E+00
  4.41167E+00  4.50822E+01  7.12912E+00
  4.66086E+00  4.80305E+01  7.31758E+00
  4.91004E+00  4.48692E+01  7.08100E+00
  5.15922E+00  4.95086E+01  7.38611E+00
  5.40841E+00  4.45891E+01  7.03189E+00
  5.65759E+00  5.25932E+01  7.57227E+00
  5.90677E+00  5.55242E+01  7.74933E+00
  6.15596E+00  4.29766E+01  6.80903E+00
  6.40514E+00  6.10423E+01  8.03227E+00
  6.65432E+00  4.91233E+01  7.24936E+00
  6.90351E+00  5.40997E+01  7.58701E+00
  7.15269E+00  6.17308E+01  8.07721E+00
  7.40187E+00  4.70602E+01  7.10672E+00
  7.65106E+00  5.85276E+01  7.87674E+00
  7.90024E+00  5.60083E+01  7.71490E+00
  8.14942E+00  5.59060E+01  7.70888E+00
  8.39861E+00  5.58616E+01  7.70662E+00
  8.64779E+00  5.22587E+01  7.46841E+00
  8.89697E+00  5.77197E+01  7.82826E+00
  9.14616E+00  6.49712E+01  8.28189E+00
  9.39534E+00  5.38788E+01  7.57862E+00
  9.64452E+00  5.84561E+01  7.87742E+00
  9.89371E+00  7.12087E+01  8.65479E+00
  1.01429E+01  7.23357E+01  8.72084E+00
  1.03921E+01  4.98075E+01  7.30566E+00
  1.06413E+01  5.50035E+01  7.65619E+00
  1.08904E+01  6.68365E+01  8.39936E+00
  1.11396E+01  5.42494E+01  7.60753E+00
  1.13888E+01  4.48881E+01  6.96055E+00
  1.16380E+01  5.96423E+01  7.95814E+00
  1.18872E+01  6.72964E+01  8.42977E+00
  1.21364E+01  6.14270E+01  8.07177E+00
  1.23855E+01  7.22906E+01  8.72483E+00
  1.26347E+01  5.87896E+01  7.90653E+00
  1.28839E+01  5.11629E+01  7.40464E+00
  1.31331E+01  7.14045E+01  8.67566E+00
  1.33823E+01  6.48063E+01  8.28367E+00
  1.36315E+01  7.16327E+01  8.69041E+00
  1.38806E+01  7.54541E+01  8.91034E+00
  1.41298E+01  7.17156E+01  8.69668E+00
  1.43790E+01  7.63260E+01  8.96114E+00
  1.46282E+01  6.33989E+01  8.20092E+00
  1.48774E+01  6.29592E+01  8.17447E+00
  1.51266E+01  6.61220E+01  8.36839E+00
  1.53757E+01  7.49102E+01  8.88398E+00
  1.56249E+01  6.96400E+01  8.57957E+00
  1.58741E+01  5.81952E+01  7.87714E+00
  1.61233E+01  7.92738E+01  9.13119E+00
  1.63725E+01  7.43606E+01  8.85566E+00
  1.66217E+01  7.07296E+01  8.64653E+00
  1.68708E+01  7.00498E+01  8.60739E+00
  1.71200E+01  6.89647E+01  8.54408E+00
  1.73692E+01  6.84601E+01  8.51486E+00
  1.76184E+01  6.92031E+01  8.55963E+00
  1.78676E+01  6.99122E+01  8.60220E+00
  1.81168E+01  6.81981E+01  8.50142E+00
  1.83659E+01  6.55379E+01  8.34219E+00
  1.86151E+01  7.73130E+01  9.02964E+00
  1.88643E+01  8.27806E+01  9.33213E+00
  1.91135E+01  8.47059E+01  9.43688E+00
  1.93627E+01  9.53216E+01  9.99157E+00
  1.96119E+01  9.47146E+01  9.96155E+00
  1.98610E+01  7.63063E+01  8.97676E+00
  2.01102E+01  7.53860E+01  8.92548E+00
  2.03594E+01  8.54702E+01  9.48187E+00
  2.06086E+01  1.00783E+02  1.02693E+01
  2.08578E+01  1.03316E+02  1.03946E+01
  2.11070E+01  1.03414E+02  1.04002E+01
  2.13561E+01  1.00107E+02  1.02385E+01
  2.16053E+01  1.08604E+02  1.06523E+01
  2.18545E+01  1.03502E+02  1.04072E+01
  2.21037E+01  9.63242E+01  1.00518E+01
  2.23529E+01  1.02887E+02  1.03790E+01
  2.26021E+01  1.01612E+02  1.03172E+01
  2.28512E+01  1.05518E+02  1.05087E+01
  2.31004E+01  1.02213E+02  1.03486E+01
  2.33496E+01  9.97408E+01  1.02274E+01
  2.35988E+01  1.07842E+02  1.06233E+01
  2.38480E+01  1.25454E+02  1.14361E+01
  2.40972E+01  1.44702E+02  1.22631E+01
  2.43463E+01  1.32746E+02  1.17578E+01
  2.45955E+01  1.28513E+02  1.15744E+01
  2.48447E+01  1.43710E+02  1.22251E+01
  2.50939E+01  1.67299E+02  1.31716E+01
  2.53431E+01  1.55522E+02  1.27095E+01
  2.55923E+01  1.58099E+02  1.28134E+01
  2.58414E+01  1.63248E+02  1.30175E+01
  2.60906E+01  1.70930E+02  1.33158E+01
  2.63398E+01  1.67265E+02  1.31760E+01
  2.65890E+01  1.86741E+02  1.39098E+01
  2.68382E+01  2.15927E+02  1.49419E+01
  2.70874E+01  2.09658E+02  1.47279E+01
  2.73365E+01  2.16708E+02  1.49712E+01
  2.75857E+01  2.21129E+02  1.51223E+01
  2.78349E+01  2.36790E+02  1.56428E+01
  2.80841E+01  2.45259E+02  1.59178E+01
  2.83333E+01  2.48453E+02  1.60213E+01
  2.85825E+01  2.35362E+02  1.56003E+01
  2.88316E+01  2.54537E+02  1.62167E+01
  2.90808E+01  2.44365E+02  1.58948E+01
  2.93300E+01  2.56344E+02  1.62763E+01
  2.95792E+01  2.37814E+02  1.56858E+01
  2.98284E+01  2.45060E+02  1.59213E+01
  3.00776E+01  2.65279E+02  1.65585E+01
  3.03267E+01  2.42339E+02  1.58365E+01
  3.05759E+01  2.47119E+02  1.59914E+01
  3.08251E+01  2.46932E+02  1.59868E+01
  3.10743E+01  2.15821E+02  1.49606E+01
  3.13235E+01  2.27461E+02  1.53545E+01
  3.15727E+01  2.35726E+02  1.56286E+01
  3.18218E+01  2.04055E+02  1.45569E+01
  3.20710E+01  1.97830E+02  1.43379E+01
  3.23202E+01  2.01316E+02  1.44629E+01
  3.25694E+01  1.93584E+02  1.41881E+01
  3.28186E+01  1.79156E+02  1.36590E+01
  3.30678E+01  1.81843E+02  1.37606E+01
  3.33169E+01  1.92606E+02  1.41565E+01
  3.35661E+01  1.78558E+02  1.36401E+01
  3.38153E+01  1.65824E+02  1.31547E+01
  3.40645E+01  1.65668E+02  1.31497E+01
  3.43137E+01  1.65325E+02  1.31375E+01
  3.45629E+01  1.69997E+02  1.33196E+01
  3.48120E+01  1.65242E+02  1.31365E+01
  3.50612E+01  1.59290E+02  1.29034E+01
  3.53104E+01  1.50262E+02  1.25408E+01
  3.55596E+01  1.45150E+02  1.23311E+01
  3.58088E+01  1.42955E+02  1.22405E+01
  3.60580E+01  1.44532E+02  1.23075E+01
  3.63071E+01  1.36629E+02  1.19747E+01
  3.65563E+01  1.48374E+02  1.24688E+01
  3.68055E+01  1.36148E+02  1.19561E+01
  3.70547E+01  1.28765E+02  1.16359E+01
  3.73039E+01  1.23414E+02  1.13984E+01
  3.75531E+01  1.19850E+02  1.12377E+01
  3.78022E+01  1.30334E+02  1.17080E+01
  3.80514E+01  1.14272E+02  1.09818E+01
  3.83006E+01  1.22802E+02  1.13748E+01
  3.85498E+01  1.23646E+02  1.14138E+01
  3.87990E+01  1.17077E+02  1.11151E+01
  3.90482E+01  1.37923E+02  1.20416E+01
  3.92973E+01  1.57003E+02  1.28313E+01
  3.95465E+01  1.21421E+02  1.13171E+01
  3.97957E+01  1.26965E+02  1.15673E+01
  4.00449E+01  1.27088E+02  1.15738E+01
  4.02941E+01  1.33322E+02  1.18487E+01
  4.05433E+01  1.26566E+02  1.15526E+01
  4.07924E+01  1.28561E+02  1.16422E+01
  4.10416E+01  1.17359E+02  1.11369E+01
  4.12908E+01  1.18797E+02  1.12042E+01
  4.15400E+01  1.10302E+02  1.08077E+01
  4.17892E+01  1.22380E+02  1.13696E+01
  4.20384E+01  1.25479E+02  1.15101E+01
  4.22875E+01  1.10740E+02  1.08314E+01
  4.25367E+01  1.06819E+02  1.06441E+01
  4.27859E+01  9.31810E+01  9.96286E+00
  4.30351E+01  1.12009E+02  1.08944E+01
  4.32843E+01  1.10611E+02  1.08290E+01
  4.35335E+01  9.82505E+01  1.02244E+01
  4.37826E+01  1.07215E+02  1.06680E+01
  4.40318E+01  1.04106E+02  1.05174E+01
  4.42810E+01  1.03283E+02  1.04780E+01
  4.45302E+01  9.89209E+01  1.02618E+01
  4.47794E+01  1.11749E+02  1.08888E+01
  4.50286E+01  1.01307E+02  1.03829E+01
  4.52777E+01  8.31447E+01  9.43752E+00
  4.55269E+01  8.36906E+01  9.46820E+00
  4.57761E+01  8.60754E+01  9.59817E+00
  4.60253E+01  9.34651E+01  9.98882E+00
  4.62745E+01  8.93659E+01  9.77536E+00
  4.65237E+01  7.35312E+01  8.89982E+00
  4.67728E+01  7.60694E+01  9.04681E+00
  4.70220E+01  6.94086E+01  8.65865E+00
  4.72712E+01  9.08022E+01  9.85440E+00
  4.75204E+01  7.52780E+01  9.00381E+00
  4.77696E+01  7.58208E+01  9.03571E+00
  4.80188E+01  7.82775E+01  9.17608E+00
  4.82679E+01  8.63114E+01  9.61923E+00
  4.85171E+01  8.19205E+01  9.38083E+00
  4.87663E+01  7.59534E+01  9.04645E+00
  4.90155E+01  8.13700E+01  9.35206E+00
  4.92647E+01  8.51440E+01  9.55956E+00
  4.95139E+01  7.99766E+01  9.27623E+00
  4.97630E+01  9.03949E+01  9.84165E+00
  5.00122E+01  9.85818E+01  1.02644E+01
  5.02614E+01  1.05558E+02  1.06117E+01
  5.05106E+01  9.55739E+01  1.01132E+01
  5.07598E+01  1.03698E+02  1.05223E+01
  5.10090E+01  1.10548E+02  1.08555E+01
  5.12581E+01  1.27917E+02  1.16566E+01
  5.15073E+01  1.18492E+02  1.12305E+01
  5.17565E+01  1.17560E+02  1.11884E+01
  5.20057E+01  1.20445E+02  1.13224E+01
  5.22549E+01  1.31645E+02  1.18256E+01
  5.25041E+01  1.42161E+02  1.22795E+01
  5.27532E+01  1.17471E+02  1.11882E+01
  5.30024E+01  1.14719E+02  1.10608E+01
  5.32516E+01  1.07627E+02  1.07235E+01
  5.35008E+01  1.08475E+02  1.07655E+01
  5.37500E+01  1.05576E+02  1.06256E+01
  5.39992E+01  1.04393E+02  1.05685E+01
  5.42483E+01  9.28376E+01  9.98510E+00
  5.44975E+01  8.73600E+01  9.69665E+00
  5.47467E+01  7.59078E+01  9.06271E+00
  5.49959E+01  7.57589E+01  9.05496E+00
  5.52451E+01  5.85671E+01  8.00770E+00
  5.54943E+01  6.13818E+01  8.18920E+00
  5.57434E+01  5.98318E+01  8.09080E+00
  5.59926E+01  5.29541E+01  7.63634E+00
  5.62418E+01  3.70912E+01  6.46621E+00
  5.64910E+01  3.40946E+01  6.22079E+00
  5.67402E+01  3.66026E+01  6.42780E+00
  5.69894E+01  2.31009E+01  5.22120E+00
  5.72385E+01  2.90911E+01  5.78843E+00
  5.74877E+01  2.94565E+01  5.82156E+00
  5.77369E+01  1.71609E+01  4.59175E+00
  5.79861E+01  1.01319E+01  3.70955E+00
  5.82353E+01  1.40425E+01  4.22367E+00
  5.84845E+01  1.59233E+01  4.45004E+00
  5.87336E+01  1.25221E+01  4.03221E+00
  5.89828E+01  5.56612E+00  3.00103E+00
  5.92320E+01  8.25941E+00  3.43752E+00
  5.94812E+01  1.16035E+01  3.91249E+00
  5.97304E+01  8.97777E+00  3.54535E+00
  5.99796E+01  8.18073E+00  3.42629E+00
  6.02287E+01  1.51072E+01  4.35567E+00
  6.04779E+01  6.17808E+00  3.10662E+00
  6.07271E+01  1.05205E+01  3.76662E+00
  6.09763E+01  8.62746E+00  3.49459E+00
  6.12255E+01  9.48621E+00  3.62091E+00
  6.14747E+01  7.88821E+00  3.38274E+00
  6.17238E+01  8.39344E+00  3.46013E+00
  6.19730E+01  7.74505E+00  3.36097E+00
  6.22222E+01  5.50549E+00  2.99270E+00
  6.24714E+01  1.31374E+01  4.11557E+00
  6.27206E+01  1.23098E+01  4.00937E+00
  6.29698E+01  3.33779E+00  2.58684E+00
  6.32189E+01  4.29710E+00  2.77424E+00
  6.34681E+01  4.13011E+00  2.74263E+00
  6.37173E+01  2.96279E+00  2.51019E+00
  6.39665E+01  4.99107E+00  2.90259E+00
  6.42157E+01  2.41034E+00  2.39245E+00
  6.44649E+01  5.66560E+00  3.02217E+00
  6.47140E+01  1.06973E+01  3.79536E+00
  6.49632E+01  9.09459E+00  3.56757E+00
  6.52124E+01  8.06479E+00  3.41329E+00
  6.54616E+01  7.47447E+00  3.32167E+00
  6.57108E+01  5.17774E+00  2.93724E+00
  6.59600E+01  6.02113E+00  3.08425E+00
  6.62091E+01  4.52776E+00  2.81918E+00
  6.64583E+01  4.30401E+00  2.77741E+00
  6.67075E+01  2.33351E+00  2.37654E+00
  6.69567E+01  1.67680E+00  2.22695E+00
  6.72059E+01  3.95347E+00  2.71084E+00
  6.74551E+01  5.07588E+00  2.92017E+00
  6.77042E+01  6.29682E+00  3.13208E+00
  6.79534E+01  3.30701E+00  2.58303E+00
  6.82026E+01  1.91661E+00  2.28317E+00
  6.84518E+01  5.90472E+00  3.06624E+00
  6.87010E+01  9.63519E+00  3.64993E+00
  6.89502E+01  7.61029E+00  3.34607E+00
  6.91993E+01  6.95767E+00  3.24221E+00
  6.94485E+01  5.81735E+00  3.05201E+00
  6.96977E+01  7.96285E+00  3.40164E+00
  6.99469E+01  6.86681E+00  3.22806E+00
  7.01961E+01  4.97726E+00  2.90422E+00
  7.04453E+01  5.99932E+00  3.08391E+00
  7.06944E+01  2.99247E+00  2.51957E+00
  7.09436E+01  2.39803E+00  2.39242E+00
  7.11928E+01  5.33809E+00  2.96949E+00
  7.14420E+01  6.82097E+00  3.22180E+00
  7.16912E+01  3.64711E+00  2.65326E+00
  7.19404E+01  1.31392E+00  2.14096E+00
  7.21895E+01  3.73964E+00  2.67184E+00
  7.24387E+01  2.74708E+00  2.46855E+00
  7.26879E+01  3.75502E+00  2.67512E+00
  7.29371E+01  5.19604E+00  2.94544E+00
  7.31863E+01  4.06249E+00  2.73530E+00
  7.34355E+01  4.22225E+00  2.76606E+00
  7.36846E+01  3.92274E+00  2.70853E+00
  7.39338E+01  4.92357E+00  2.89692E+00
  7.41830E+01  1.53821E+00  2.19604E+00
  7.44322E+01  2.95651E+00  2.51376E+00
  7.46814E+01  2.90108E+00  2.50222E+00
  7.49306E+01  3.08647E+00  2.54113E+00
  7.51797E+01  3.21501E+00  2.56780E+00
  7.54289E+01  2.52729E+00  2.42243E+00
  7.56781E+01  2.40011E+00  2.39466E+00
  7.59273E+01  3.14436E+00  2.55361E+00
  7.61765E+01  3.28372E+00  2.58238E+00
  7.64257E+01  7.49816E+00  3.33495E+00
  7.66748E+01  2.36870E+00  2.38808E+00
  7.69240E+01  2.74806E+00  2.47078E+00
  7.71732E+01  2.87772E+00  2.49842E+00
  7.74224E+01  2.08146E+00  2.32394E+00
  7.76716E+01  3.36680E+00  2.60007E+00
  7.79208E+01  1.43667E+00  2.17246E+00
  7.81699E+01  4.76311E+00  2.87035E+00
  7.84191E+01  5.33599E+00  2.97415E+00
  7.86683E+01  2.09882E+00  2.32836E+00
  7.89175E+01  9.93569E-01  2.06196E+00
  7.91667E+01  1.62885E+00  2.21910E+00
  7.94159E+01  2.03329E+00  2.31366E+00
  7.96650E+01  4.24644E+00  2.77442E+00
  7.99142E+01  8.62499E+00  3.51223E+00
  8.01634E+01  4.90027E+00  2.89685E+00
  8.04126E+01  4.09960E+00  2.74665E+00
  8.06618E+01  4.05804E+00  2.73878E+00
  8.09110E+01  1.39381E+00  2.16275E+00
  8.11601E+01  7.46829E-01  1.99799E+00
  8.14093E+01  2.76528E+00  2.47641E+00
  8.16585E+01  6.26085E+00  3.13694E+00
  8.19077E+01  6.32562E+00  3.14806E+00
  8.21569E+01  8.40454E+00  3.48101E+00
  8.24061E+01  4.20344E+00  2.76780E+00
  8.26552E+01  4.11362E+00  2.75072E+00
  8.29044E+01  5.78326E+00  3.05604E+00
  8.31536E+01  2.27834E+00  2.37049E+00
  8.34028E+01  3.81806E+00  2.69346E+00
  8.36520E+01  1.93673E+00  2.29286E+00
  8.39012E+01 -5.69325E-01  1.61097E+00
  8.41503E+01  8.44928E-01  2.02434E+00
  8.43995E+01  1.78783E+00  2.25840E+00
  8.46487E+01  8.60085E+00  3.51314E+00
  8.48979E+01  2.65422E+00  2.45398E+00
  8.51471E+01 -3.00926E+00  1.00000E+00
