@page size 600,600
@view 0.12,0.1,0.97,0.93
@subtitle "PHOENIX module phox, 10/31/16 at 12:49:49 -07:00"
@xaxes scale Normal
@yaxes scale Normal
@xaxis label "energy (meV)"
@yaxis label "normalized data (1/eV)"
@s0 errorbar size 0.0
@type xydy
 -6.76023E+01 -4.35653E-02  1.29990E-02
 -6.73531E+01 -4.35581E-02  1.29990E-02
 -6.71040E+01 -4.35508E-02  1.29990E-02
 -6.68548E+01 -4.35460E-02  1.29990E-02
 -6.66056E+01  5.15024E-03  2.45912E-02
 -6.63564E+01  1.36925E-03  2.36162E-02
 -6.61072E+01  4.53923E-02  3.32367E-02
 -6.58580E+01  2.44668E-02  2.90643E-02
 -6.56089E+01 -1.12861E-02  2.00120E-02
 -6.53597E+01  3.29776E-02  3.08326E-02
 -6.51105E+01  5.19358E-03  2.46013E-02
 -6.48613E+01 -3.11671E-02  1.30000E-02
 -6.46121E+01 -1.82855E-03  2.27592E-02
 -6.43629E+01 -2.30924E-02  1.59210E-02
 -6.41138E+01 -2.08245E-02  1.67832E-02
 -6.38646E+01  2.08046E-02  2.82765E-02
 -6.36154E+01 -2.32391E-02  1.58587E-02
 -6.33662E+01  1.11380E-03  2.35496E-02
 -6.31170E+01 -9.97395E-03  2.04097E-02
 -6.28678E+01  6.37488E-03  2.49019E-02
 -6.26187E+01  3.02236E-02  3.02834E-02
 -6.23695E+01  7.19989E-03  2.51073E-02
 -6.21203E+01  1.50825E-04  2.32937E-02
 -6.18711E+01 -2.93218E-02  1.32437E-02
 -6.16219E+01  1.30722E-02  2.65258E-02
 -6.13727E+01  2.50117E-02  2.91967E-02
 -6.11236E+01  1.43890E-02  2.68343E-02
 -6.08744E+01  7.76784E-04  2.34609E-02
 -6.06252E+01  2.13879E-03  2.38203E-02
 -6.03760E+01  6.31079E-03  2.48884E-02
 -6.01268E+01  7.23409E-03  2.51189E-02
 -5.98776E+01  1.83654E-02  2.77461E-02
 -5.96285E+01  4.47876E-03  2.44253E-02
 -5.93793E+01 -1.63462E-02  1.83499E-02
 -5.91301E+01 -2.33325E-02  1.57961E-02
 -5.88809E+01  6.01233E-03  2.48147E-02
 -5.86317E+01  5.84190E-02  3.56395E-02
 -5.83825E+01  2.71794E-02  2.96672E-02
 -5.81334E+01 -1.26637E-03  2.29113E-02
 -5.78842E+01  3.16115E-02  3.05884E-02
 -5.76350E+01  1.78752E-02  2.76422E-02
 -5.73858E+01  7.90814E-02  3.91024E-02
 -5.71366E+01  3.48964E-02  3.12553E-02
 -5.68874E+01  4.03172E-02  3.23224E-02
 -5.66383E+01 -4.27052E-03  2.20765E-02
 -5.63891E+01  1.15582E-01  4.45658E-02
 -5.61399E+01  5.51482E-02  3.50774E-02
 -5.58907E+01  9.08732E-02  4.09573E-02
 -5.56415E+01  1.08635E-01  4.35883E-02
 -5.53923E+01  7.42432E-02  3.83379E-02
 -5.51432E+01  1.38463E-01  4.76836E-02
 -5.48940E+01  1.21340E-01  4.53833E-02
 -5.46448E+01  1.68576E-01  5.14910E-02
 -5.43956E+01  1.48549E-01  4.89992E-02
 -5.41464E+01  1.47179E-01  4.88267E-02
 -5.38972E+01  2.30643E-01  5.85650E-02
 -5.36481E+01  2.28760E-01  5.83671E-02
 -5.33989E+01  1.98667E-01  5.50468E-02
 -5.31497E+01  1.99315E-01  5.51239E-02
 -5.29005E+01  1.10380E-01  4.38673E-02
 -5.26513E+01  1.45996E-01  4.86937E-02
 -5.24021E+01  1.48070E-01  4.89631E-02
 -5.21529E+01  1.66672E-01  5.12933E-02
 -5.19038E+01  1.81425E-01  5.30700E-02
 -5.16546E+01  2.57588E-01  6.14184E-02
 -5.14054E+01  2.12596E-01  5.66417E-02
 -5.11562E+01  2.14701E-01  5.68783E-02
 -5.09070E+01  1.75405E-01  5.23677E-02
 -5.06578E+01  2.07807E-01  5.61204E-02
 -5.04087E+01  1.29478E-01  4.65450E-02
 -5.01595E+01  1.49467E-01  4.91711E-02
 -4.99103E+01  1.38881E-01  4.78027E-02
 -4.96611E+01  1.65180E-01  5.11446E-02
 -4.94119E+01  1.45420E-01  4.86605E-02
 -4.91627E+01  1.74308E-01  5.22607E-02
 -4.89136E+01  1.78825E-01  5.28044E-02
 -4.86644E+01  1.80002E-01  5.29477E-02
 -4.84152E+01  1.46719E-01  4.88408E-02
 -4.81660E+01  1.11374E-01  4.40597E-02
 -4.79168E+01  1.20625E-01  4.53636E-02
 -4.76676E+01  1.65327E-01  5.11901E-02
 -4.74185E+01  1.81543E-01  5.31490E-02
 -4.71693E+01  2.75480E-01  6.33024E-02
 -4.69201E+01  2.23224E-01  5.78805E-02
 -4.66709E+01  2.33894E-01  5.90334E-02
 -4.64217E+01  1.80176E-01  5.30013E-02
 -4.61725E+01  1.90514E-01  5.42191E-02
 -4.59234E+01  1.94090E-01  5.46363E-02
 -4.56742E+01  1.99011E-01  5.52045E-02
 -4.54250E+01  2.03876E-01  5.57607E-02
 -4.51758E+01  1.66063E-01  5.13149E-02
 -4.49266E+01  2.45748E-01  6.03144E-02
 -4.46774E+01  2.99960E-01  6.57389E-02
 -4.44283E+01  2.19043E-01  5.74648E-02
 -4.41791E+01  2.88997E-01  6.46902E-02
 -4.39299E+01  3.21992E-01  6.78341E-02
 -4.36807E+01  1.83715E-01  5.34602E-02
 -4.34315E+01  3.03403E-01  6.60933E-02
 -4.31823E+01  2.53423E-01  6.11415E-02
 -4.29332E+01  2.58330E-01  6.16510E-02
 -4.26840E+01  2.95083E-01  6.53094E-02
 -4.24348E+01  3.96816E-01  7.44991E-02
 -4.21856E+01  3.07356E-01  6.64941E-02
 -4.19364E+01  2.44626E-01  6.02492E-02
 -4.16872E+01  2.85161E-01  6.43620E-02
 -4.14381E+01  2.66939E-01  6.25531E-02
 -4.11889E+01  3.47216E-01  7.01973E-02
 -4.09397E+01  2.68740E-01  6.27440E-02
 -4.06905E+01  2.44282E-01  6.02347E-02
 -4.04413E+01  3.64838E-01  7.17824E-02
 -4.01921E+01  3.48554E-01  7.03388E-02
 -3.99430E+01  3.18006E-01  6.75429E-02
 -3.96938E+01  2.71375E-01  6.30322E-02
 -3.94446E+01  3.46291E-01  7.01511E-02
 -3.91954E+01  5.02478E-01  8.30544E-02
 -3.89462E+01  3.51102E-01  7.05943E-02
 -3.86970E+01  2.63318E-01  6.22364E-02
 -3.84479E+01  1.82158E-01  5.33546E-02
 -3.81987E+01  3.68771E-01  7.21778E-02
 -3.79495E+01  3.68504E-01  7.21595E-02
 -3.77003E+01  3.52374E-01  7.07353E-02
 -3.74511E+01  4.16505E-01  7.62666E-02
 -3.72019E+01  4.01785E-01  7.50398E-02
 -3.69528E+01  4.15452E-01  7.61907E-02
 -3.67036E+01  3.90360E-01  7.40803E-02
 -3.64544E+01  3.58245E-01  7.12861E-02
 -3.62052E+01  3.65769E-01  7.19573E-02
 -3.59560E+01  3.71776E-01  7.24901E-02
 -3.57068E+01  4.56404E-01  7.95545E-02
 -3.54577E+01  6.04691E-01  9.06132E-02
 -3.52085E+01  6.52870E-01  9.39311E-02
 -3.49593E+01  5.10614E-01  8.37836E-02
 -3.47101E+01  6.72607E-01  9.52711E-02
 -3.44609E+01  5.40159E-01  8.60051E-02
 -3.42117E+01  5.50919E-01  8.68029E-02
 -3.39626E+01  6.30147E-01  9.24226E-02
 -3.37134E+01  8.22523E-01  1.04814E-01
 -3.34642E+01  6.39145E-01  9.30531E-02
 -3.32150E+01  7.59353E-01  1.00932E-01
 -3.29658E+01  6.64153E-01  9.47595E-02
 -3.27166E+01  7.52785E-01  1.00534E-01
 -3.24675E+01  7.48547E-01  1.00274E-01
 -3.22183E+01  7.45733E-01  1.00104E-01
 -3.19691E+01  8.33093E-01  1.05514E-01
 -3.17199E+01  8.31518E-01  1.05427E-01
 -3.14707E+01  8.75350E-01  1.08047E-01
 -3.12215E+01  9.43234E-01  1.11980E-01
 -3.09724E+01  9.10718E-01  1.10127E-01
 -3.07232E+01  9.42678E-01  1.11968E-01
 -3.04740E+01  1.05967E+00  1.18438E-01
 -3.02248E+01  1.17776E+00  1.24632E-01
 -2.99756E+01  1.02250E+00  1.16443E-01
 -2.97264E+01  1.12624E+00  1.21993E-01
 -2.94773E+01  1.07737E+00  1.19425E-01
 -2.92281E+01  1.07769E+00  1.19453E-01
 -2.89789E+01  1.22528E+00  1.27089E-01
 -2.87297E+01  1.02117E+00  1.16419E-01
 -2.84805E+01  1.05049E+00  1.18022E-01
 -2.82313E+01  1.02858E+00  1.16843E-01
 -2.79822E+01  1.13023E+00  1.22271E-01
 -2.77330E+01  9.07289E-01  1.10045E-01
 -2.74838E+01  8.48128E-01  1.06572E-01
 -2.72346E+01  7.98734E-01  1.03582E-01
 -2.69854E+01  8.04129E-01  1.03922E-01
 -2.67362E+01  8.73730E-01  1.08119E-01
 -2.64871E+01  7.71332E-01  1.01906E-01
 -2.62379E+01  8.51615E-01  1.06824E-01
 -2.59887E+01  8.09616E-01  1.04293E-01
 -2.57395E+01  6.02347E-01  9.07310E-02
 -2.54903E+01  6.56693E-01  9.44856E-02
 -2.52411E+01  7.55506E-01  1.00951E-01
 -2.49920E+01  6.82747E-01  9.62451E-02
 -2.47428E+01  6.41114E-01  9.34494E-02
 -2.44936E+01  6.56774E-01  9.45213E-02
 -2.42444E+01  6.20819E-01  9.20658E-02
 -2.39952E+01  6.78070E-01  9.59656E-02
 -2.37460E+01  6.83514E-01  9.63352E-02
 -2.34969E+01  6.63612E-01  9.50130E-02
 -2.32477E+01  6.52288E-01  9.42551E-02
 -2.29985E+01  5.60619E-01  8.78228E-02
 -2.27493E+01  5.11243E-01  8.41561E-02
 -2.25001E+01  5.99622E-01  9.06334E-02
 -2.22509E+01  6.57928E-01  9.46674E-02
 -2.20018E+01  5.11161E-01  8.41696E-02
 -2.17526E+01  5.22075E-01  8.50032E-02
 -2.15034E+01  5.31040E-01  8.56816E-02
 -2.12542E+01  5.38039E-01  8.62102E-02
 -2.10050E+01  4.10981E-01  7.61950E-02
 -2.07558E+01  3.69483E-01  7.26293E-02
 -2.05067E+01  6.09172E-01  9.13640E-02
 -2.02575E+01  6.51319E-01  9.42794E-02
 -2.00083E+01  5.37869E-01  8.62320E-02
 -1.97591E+01  5.25740E-01  8.53324E-02
 -1.95099E+01  4.80226E-01  8.18481E-02
 -1.92607E+01  5.71007E-01  8.86823E-02
 -1.90116E+01  5.72708E-01  8.88116E-02
 -1.87624E+01  4.77900E-01  8.16847E-02
 -1.85132E+01  4.11014E-01  7.62572E-02
 -1.82640E+01  5.77796E-01  8.92004E-02
 -1.80148E+01  5.19356E-01  8.48985E-02
 -1.77656E+01  4.06266E-01  7.58747E-02
 -1.75165E+01  4.25718E-01  7.75099E-02
 -1.72673E+01  5.91919E-01  9.02398E-02
 -1.70181E+01  6.09209E-01  9.14693E-02
 -1.67689E+01  4.92303E-01  8.28612E-02
 -1.65197E+01  4.97098E-01  8.32388E-02
 -1.62705E+01  5.96564E-01  9.05988E-02
 -1.60214E+01  5.27557E-01  8.55704E-02
 -1.57722E+01  4.07248E-01  7.60059E-02
 -1.55230E+01  5.10437E-01  8.42886E-02
 -1.52738E+01  5.55819E-01  8.76893E-02
 -1.50246E+01  5.43158E-01  8.67627E-02
 -1.47754E+01  4.63138E-01  8.06193E-02
 -1.45263E+01  5.00740E-01  8.35727E-02
 -1.42771E+01  5.09728E-01  8.42683E-02
 -1.40279E+01  5.31163E-01  8.58967E-02
 -1.37787E+01  4.27929E-01  7.77834E-02
 -1.35295E+01  6.04311E-01  9.12278E-02
 -1.32803E+01  5.19485E-01  8.50368E-02
 -1.30312E+01  4.80802E-01  8.20626E-02
 -1.27820E+01  5.19345E-01  8.50401E-02
 -1.25328E+01  4.25750E-01  7.76335E-02
 -1.22836E+01  4.76986E-01  8.17817E-02
 -1.20344E+01  4.75792E-01  8.16940E-02
 -1.17852E+01  5.32380E-01  8.60495E-02
 -1.15361E+01  4.59501E-01  8.04107E-02
 -1.12869E+01  3.83037E-01  7.40337E-02
 -1.10377E+01  5.24133E-01  8.54498E-02
 -1.07885E+01  6.39053E-01  9.37312E-02
 -1.05393E+01  6.00816E-01  9.10689E-02
 -1.02901E+01  5.26959E-01  8.56838E-02
 -1.00410E+01  4.84572E-01  8.24367E-02
 -9.79178E+00  5.17574E-01  8.49877E-02
 -9.54260E+00  6.04343E-01  9.20976E-02
 -9.29341E+00  5.20056E-01  8.61020E-02
 -9.04423E+00  5.09853E-01  8.54663E-02
 -8.79505E+00  6.17424E-01  9.32748E-02
 -8.54586E+00  4.89257E-01  8.39464E-02
 -8.29668E+00  4.88889E-01  8.39476E-02
 -8.04750E+00  5.78243E-01  9.06566E-02
 -7.79831E+00  4.53293E-01  8.14247E-02
 -7.54913E+00  5.21630E-01  8.68579E-02
 -7.29995E+00  5.97249E-01  9.24474E-02
 -7.05076E+00  5.16943E-01  8.67482E-02
 -6.80158E+00  4.39817E-01  8.10060E-02
 -6.55240E+00  5.77680E-01  9.15468E-02
 -6.30321E+00  5.13652E-01  8.71497E-02
 -6.05403E+00  4.98744E-01  8.62938E-02
 -5.80484E+00  4.36470E-01  8.16502E-02
 -5.55566E+00  4.77475E-01  8.49406E-02
 -5.30648E+00  6.21604E-01  9.54255E-02
 -5.05729E+00  6.65600E-01  9.85375E-02
 -4.80811E+00  3.76819E-01  7.74732E-02
 -4.55893E+00  5.56684E-01  9.14822E-02
 -4.30974E+00  6.55687E-01  9.84457E-02
 -4.06056E+00  6.79767E-01  1.00157E-01
 -3.81138E+00  7.36222E-01  1.04363E-01
 -3.56219E+00  5.65309E-01  9.91234E-02
 -3.31301E+00  6.22881E-01  1.07593E-01
 -3.06383E+00  6.47585E-01  1.06256E-01
 -2.81464E+00  6.70201E-01  1.10043E-01
 -2.56546E+00  6.95306E-01  1.21168E-01
 -2.31628E+00  7.11908E-01  1.33753E-01
 -2.06709E+00  7.07586E-01  1.55043E-01
 -1.81791E+00  6.74661E-01  1.81919E-01
 -1.56873E+00  6.18446E-01  2.19786E-01
 -1.31954E+00  5.57111E-01  3.02206E-01
 -1.07036E+00  5.29442E-01  4.36209E-01
 -8.21178E-01  5.73151E-01  6.27904E-01
 -5.71994E-01  6.77057E-01  8.53207E-01
 -3.22811E-01  7.69304E-01  1.04504E+00
 -7.36276E-02  7.72971E-01  1.15261E+00
  1.75556E-01  6.77225E-01  1.13201E+00
  4.24739E-01  5.58111E-01  9.86774E-01
  6.73922E-01  5.04970E-01  7.78145E-01
  9.23106E-01  5.40514E-01  5.78043E-01
  1.17229E+00  6.19880E-01  3.93927E-01
  1.42147E+00  6.82358E-01  2.81549E-01
  1.67066E+00  6.98995E-01  2.12514E-01
  1.91984E+00  6.83108E-01  1.60562E-01
  2.16902E+00  6.63200E-01  1.30873E-01
  2.41821E+00  6.54016E-01  1.13956E-01
  2.66739E+00  6.54636E-01  1.04180E-01
  2.91657E+00  6.61145E-01  9.31405E-02
  3.16576E+00  6.29207E-01  9.67401E-02
  3.41494E+00  7.80019E-01  1.06213E-01
  3.66412E+00  7.51453E-01  1.04264E-01
  3.91331E+00  6.04369E-01  9.44101E-02
  4.16249E+00  6.27803E-01  9.57892E-02
  4.41167E+00  5.86026E-01  9.26718E-02
  4.66086E+00  6.24351E-01  9.51216E-02
  4.91004E+00  5.83257E-01  9.20463E-02
  5.15922E+00  6.43565E-01  9.60124E-02
  5.40841E+00  5.79616E-01  9.14079E-02
  5.65759E+00  6.83662E-01  9.84323E-02
  5.90677E+00  7.21761E-01  1.00734E-01
  6.15596E+00  5.58655E-01  8.85110E-02
  6.40514E+00  7.93491E-01  1.04412E-01
  6.65432E+00  6.38557E-01  9.42348E-02
  6.90351E+00  7.03244E-01  9.86240E-02
  7.15269E+00  8.02442E-01  1.04996E-01
  7.40187E+00  6.11737E-01  9.23805E-02
  7.65106E+00  7.60803E-01  1.02390E-01
  7.90024E+00  7.28054E-01  1.00286E-01
  8.14942E+00  7.26725E-01  1.00208E-01
  8.39861E+00  7.26148E-01  1.00179E-01
  8.64779E+00  6.79314E-01  9.70822E-02
  8.89697E+00  7.50301E-01  1.01760E-01
  9.14616E+00  8.44564E-01  1.07657E-01
  9.39534E+00  7.00373E-01  9.85149E-02
  9.64452E+00  7.59874E-01  1.02399E-01
  9.89371E+00  9.25645E-01  1.12504E-01
  1.01429E+01  9.40295E-01  1.13363E-01
  1.03921E+01  6.47451E-01  9.49666E-02
  1.06413E+01  7.14993E-01  9.95232E-02
  1.08904E+01  8.68811E-01  1.09184E-01
  1.11396E+01  7.05190E-01  9.88907E-02
  1.13888E+01  5.83502E-01  9.04806E-02
  1.16380E+01  7.75293E-01  1.03448E-01
  1.18872E+01  8.74789E-01  1.09579E-01
  1.21364E+01  7.98492E-01  1.04925E-01
  1.23855E+01  9.39709E-01  1.13414E-01
  1.26347E+01  7.64209E-01  1.02777E-01
  1.28839E+01  6.65069E-01  9.62533E-02
  1.31331E+01  9.28191E-01  1.12775E-01
  1.33823E+01  8.42420E-01  1.07680E-01
  1.36315E+01  9.31157E-01  1.12967E-01
  1.38806E+01  9.80832E-01  1.15826E-01
  1.41298E+01  9.32234E-01  1.13049E-01
  1.43790E+01  9.92165E-01  1.16486E-01
  1.46282E+01  8.24125E-01  1.06604E-01
  1.48774E+01  8.18410E-01  1.06260E-01
  1.51266E+01  8.59523E-01  1.08781E-01
  1.53757E+01  9.73761E-01  1.15483E-01
  1.56249E+01  9.05253E-01  1.11526E-01
  1.58741E+01  7.56482E-01  1.02395E-01
  1.61233E+01  1.03048E+00  1.18697E-01
  1.63725E+01  9.66617E-01  1.15115E-01
  1.66217E+01  9.19417E-01  1.12397E-01
  1.68708E+01  9.10581E-01  1.11888E-01
  1.71200E+01  8.96476E-01  1.11065E-01
  1.73692E+01  8.89916E-01  1.10685E-01
  1.76184E+01  8.99574E-01  1.11267E-01
  1.78676E+01  9.08792E-01  1.11820E-01
  1.81168E+01  8.86511E-01  1.10510E-01
  1.83659E+01  8.51930E-01  1.08441E-01
  1.86151E+01  1.00500E+00  1.17377E-01
  1.88643E+01  1.07607E+00  1.21309E-01
  1.91135E+01  1.10110E+00  1.22670E-01
  1.93627E+01  1.23909E+00  1.29881E-01
  1.96119E+01  1.23120E+00  1.29491E-01
  1.98610E+01  9.91909E-01  1.16689E-01
  2.01102E+01  9.79947E-01  1.16023E-01
  2.03594E+01  1.11103E+00  1.23255E-01
  2.06086E+01  1.31008E+00  1.33491E-01
  2.08578E+01  1.34301E+00  1.35119E-01
  2.11070E+01  1.34428E+00  1.35193E-01
  2.13561E+01  1.30129E+00  1.33091E-01
  2.16053E+01  1.41175E+00  1.38470E-01
  2.18545E+01  1.34542E+00  1.35284E-01
  2.21037E+01  1.25212E+00  1.30664E-01
  2.23529E+01  1.33743E+00  1.34917E-01
  2.26021E+01  1.32085E+00  1.34114E-01
  2.28512E+01  1.37163E+00  1.36603E-01
  2.31004E+01  1.32867E+00  1.34521E-01
  2.33496E+01  1.29654E+00  1.32946E-01
  2.35988E+01  1.40184E+00  1.38092E-01
  2.38480E+01  1.63079E+00  1.48658E-01
  2.40972E+01  1.88099E+00  1.59409E-01
  2.43463E+01  1.72557E+00  1.52841E-01
  2.45955E+01  1.67054E+00  1.50456E-01
  2.48447E+01  1.86810E+00  1.58915E-01
  2.50939E+01  2.17473E+00  1.71218E-01
  2.53431E+01  2.02164E+00  1.65211E-01
  2.55923E+01  2.05514E+00  1.66562E-01
  2.58414E+01  2.12207E+00  1.69216E-01
  2.60906E+01  2.22192E+00  1.73092E-01
  2.63398E+01  2.17429E+00  1.71276E-01
  2.65890E+01  2.42745E+00  1.80814E-01
  2.68382E+01  2.80684E+00  1.94231E-01
  2.70874E+01  2.72535E+00  1.91448E-01
  2.73365E+01  2.81700E+00  1.94611E-01
  2.75857E+01  2.87447E+00  1.96575E-01
  2.78349E+01  3.07805E+00  2.03341E-01
  2.80841E+01  3.18813E+00  2.06917E-01
  2.83333E+01  3.22966E+00  2.08261E-01
  2.85825E+01  3.05948E+00  2.02789E-01
  2.88316E+01  3.30874E+00  2.10801E-01
  2.90808E+01  3.17652E+00  2.06617E-01
  2.93300E+01  3.33223E+00  2.11576E-01
  2.95792E+01  3.09136E+00  2.03900E-01
  2.98284E+01  3.18555E+00  2.06961E-01
  3.00776E+01  3.44837E+00  2.15245E-01
  3.03267E+01  3.15017E+00  2.05859E-01
  3.05759E+01  3.21232E+00  2.07873E-01
  3.08251E+01  3.20988E+00  2.07813E-01
  3.10743E+01  2.80546E+00  1.94474E-01
  3.13235E+01  2.95677E+00  1.99594E-01
  3.15727E+01  3.06422E+00  2.03157E-01
  3.18218E+01  2.65252E+00  1.89226E-01
  3.20710E+01  2.57160E+00  1.86379E-01
  3.23202E+01  2.61692E+00  1.88004E-01
  3.25694E+01  2.51641E+00  1.84431E-01
  3.28186E+01  2.32886E+00  1.77554E-01
  3.30678E+01  2.36378E+00  1.78874E-01
  3.33169E+01  2.50370E+00  1.84020E-01
  3.35661E+01  2.32108E+00  1.77309E-01
  3.38153E+01  2.15555E+00  1.70998E-01
  3.40645E+01  2.15352E+00  1.70934E-01
  3.43137E+01  2.14907E+00  1.70775E-01
  3.45629E+01  2.20980E+00  1.73143E-01
  3.48120E+01  2.14798E+00  1.70763E-01
  3.50612E+01  2.07062E+00  1.67732E-01
  3.53104E+01  1.95326E+00  1.63018E-01
  3.55596E+01  1.88682E+00  1.60292E-01
  3.58088E+01  1.85828E+00  1.59115E-01
  3.60580E+01  1.87878E+00  1.59986E-01
  3.63071E+01  1.77604E+00  1.55659E-01
  3.65563E+01  1.92872E+00  1.62082E-01
  3.68055E+01  1.76980E+00  1.55418E-01
  3.70547E+01  1.67382E+00  1.51255E-01
  3.73039E+01  1.60426E+00  1.48168E-01
  3.75531E+01  1.55794E+00  1.46080E-01
  3.78022E+01  1.69422E+00  1.52192E-01
  3.80514E+01  1.48543E+00  1.42753E-01
  3.83006E+01  1.59631E+00  1.47861E-01
  3.85498E+01  1.60728E+00  1.48369E-01
  3.87990E+01  1.52189E+00  1.44486E-01
  3.90482E+01  1.79287E+00  1.56529E-01
  3.92973E+01  2.04089E+00  1.66795E-01
  3.95465E+01  1.57835E+00  1.47112E-01
  3.97957E+01  1.65042E+00  1.50364E-01
  4.00449E+01  1.65202E+00  1.50449E-01
  4.02941E+01  1.73306E+00  1.54022E-01
  4.05433E+01  1.64523E+00  1.50173E-01
  4.07924E+01  1.67117E+00  1.51337E-01
  4.10416E+01  1.52555E+00  1.44769E-01
  4.12908E+01  1.54424E+00  1.45643E-01
  4.15400E+01  1.43382E+00  1.40489E-01
  4.17892E+01  1.59082E+00  1.47794E-01
  4.20384E+01  1.63110E+00  1.49621E-01
  4.22875E+01  1.43952E+00  1.40797E-01
  4.25367E+01  1.38855E+00  1.38364E-01
  4.27859E+01  1.21126E+00  1.29508E-01
  4.30351E+01  1.45601E+00  1.41617E-01
  4.32843E+01  1.43784E+00  1.40767E-01
  4.35335E+01  1.27716E+00  1.32908E-01
  4.37826E+01  1.39370E+00  1.38673E-01
  4.40318E+01  1.35328E+00  1.36717E-01
  4.42810E+01  1.34258E+00  1.36203E-01
  4.45302E+01  1.28588E+00  1.33393E-01
  4.47794E+01  1.45264E+00  1.41544E-01
  4.50286E+01  1.31690E+00  1.34967E-01
  4.52777E+01  1.08080E+00  1.22679E-01
  4.55269E+01  1.08790E+00  1.23078E-01
  4.57761E+01  1.11890E+00  1.24767E-01
  4.60253E+01  1.21496E+00  1.29845E-01
  4.62745E+01  1.16167E+00  1.27070E-01
  4.65237E+01  9.55836E-01  1.15689E-01
  4.67728E+01  9.88830E-01  1.17600E-01
  4.70220E+01  9.02246E-01  1.12554E-01
  4.72712E+01  1.18034E+00  1.28098E-01
  4.75204E+01  9.78542E-01  1.17041E-01
  4.77696E+01  9.85598E-01  1.17456E-01
  4.80188E+01  1.01753E+00  1.19280E-01
  4.82679E+01  1.12197E+00  1.25041E-01
  4.85171E+01  1.06489E+00  1.21942E-01
  4.87663E+01  9.87322E-01  1.17595E-01
  4.90155E+01  1.05773E+00  1.21568E-01
  4.92647E+01  1.10679E+00  1.24265E-01
  4.95139E+01  1.03962E+00  1.20582E-01
  4.97630E+01  1.17505E+00  1.27932E-01
  5.00122E+01  1.28147E+00  1.33428E-01
  5.02614E+01  1.37216E+00  1.37942E-01
  5.05106E+01  1.24237E+00  1.31462E-01
  5.07598E+01  1.34798E+00  1.36780E-01
  5.10090E+01  1.43701E+00  1.41111E-01
  5.12581E+01  1.66280E+00  1.51525E-01
  5.15073E+01  1.54028E+00  1.45985E-01
  5.17565E+01  1.52816E+00  1.45438E-01
  5.20057E+01  1.56567E+00  1.47180E-01
  5.22549E+01  1.71126E+00  1.53721E-01
  5.25041E+01  1.84796E+00  1.59621E-01
  5.27532E+01  1.52701E+00  1.45435E-01
  5.30024E+01  1.49124E+00  1.43779E-01
  5.32516E+01  1.39904E+00  1.39396E-01
  5.35008E+01  1.41007E+00  1.39941E-01
  5.37500E+01  1.37239E+00  1.38123E-01
  5.39992E+01  1.35701E+00  1.37381E-01
  5.42483E+01  1.20680E+00  1.29797E-01
  5.44975E+01  1.13560E+00  1.26047E-01
  5.47467E+01  9.86729E-01  1.17807E-01
  5.49959E+01  9.84793E-01  1.17706E-01
  5.52451E+01  7.61317E-01  1.04092E-01
  5.54943E+01  7.97905E-01  1.06452E-01
  5.57434E+01  7.77757E-01  1.05173E-01
  5.59926E+01  6.88353E-01  9.92651E-02
  5.62418E+01  4.82150E-01  8.40546E-02
  5.64910E+01  4.43197E-01  8.08644E-02
  5.67402E+01  4.75799E-01  8.35552E-02
  5.69894E+01  3.00290E-01  6.78706E-02
  5.72385E+01  3.78156E-01  7.52440E-02
  5.74877E+01  3.82906E-01  7.56748E-02
  5.77369E+01  2.23075E-01  5.96884E-02
  5.79861E+01  1.31705E-01  4.82206E-02
  5.82353E+01  1.82540E-01  5.49036E-02
  5.84845E+01  2.06987E-01  5.78463E-02
  5.87336E+01  1.62776E-01  5.24149E-02
  5.89828E+01  7.23542E-02  3.90105E-02
  5.92320E+01  1.07364E-01  4.46845E-02
  5.94812E+01  1.50834E-01  5.08586E-02
  5.97304E+01  1.16702E-01  4.60862E-02
  5.99796E+01  1.06342E-01  4.45385E-02
  6.02287E+01  1.96379E-01  5.66195E-02
  6.04779E+01  8.03092E-02  4.03830E-02
  6.07271E+01  1.36756E-01  4.89625E-02
  6.09763E+01  1.12149E-01  4.54263E-02
  6.12255E+01  1.23312E-01  4.70684E-02
  6.14747E+01  1.02539E-01  4.39724E-02
  6.17238E+01  1.09107E-01  4.49784E-02
  6.19730E+01  1.00678E-01  4.36895E-02
  6.22222E+01  7.15661E-02  3.89023E-02
  6.24714E+01  1.70774E-01  5.34985E-02
  6.27206E+01  1.60015E-01  5.21179E-02
  6.29698E+01  4.33880E-02  3.36264E-02
  6.32189E+01  5.58582E-02  3.60625E-02
  6.34681E+01  5.36875E-02  3.56516E-02
  6.37173E+01  3.85134E-02  3.26301E-02
  6.39665E+01  6.48791E-02  3.77310E-02
  6.42157E+01  3.13321E-02  3.10995E-02
  6.44649E+01  7.36474E-02  3.92853E-02
  6.47140E+01  1.39055E-01  4.93360E-02
  6.49632E+01  1.18221E-01  4.63750E-02
  6.52124E+01  1.04835E-01  4.43695E-02
  6.54616E+01  9.71610E-02  4.31785E-02
  6.57108E+01  6.73057E-02  3.81814E-02
  6.59600E+01  7.82690E-02  4.00924E-02
  6.62091E+01  5.88566E-02  3.66466E-02
  6.64583E+01  5.59480E-02  3.61036E-02
  6.67075E+01  3.03334E-02  3.08928E-02
  6.69567E+01  2.17969E-02  2.89482E-02
  6.72059E+01  5.13914E-02  3.52383E-02
  6.74551E+01  6.59816E-02  3.79595E-02
  6.77042E+01  8.18526E-02  4.07141E-02
  6.79534E+01  4.29879E-02  3.35769E-02
  6.82026E+01  2.49140E-02  2.96790E-02
  6.84518E+01  7.67558E-02  3.98582E-02
  6.87010E+01  1.25248E-01  4.74456E-02
  6.89502E+01  9.89265E-02  4.34957E-02
  6.91993E+01  9.04430E-02  4.21456E-02
  6.94485E+01  7.56200E-02  3.96732E-02
  6.96977E+01  1.03509E-01  4.42181E-02
  6.99469E+01  8.92619E-02  4.19617E-02
  7.01961E+01  6.46997E-02  3.77521E-02
  7.04453E+01  7.79854E-02  4.00879E-02
  7.06944E+01  3.88993E-02  3.27520E-02
  7.09436E+01  3.11721E-02  3.10992E-02
  7.11928E+01  6.93901E-02  3.86005E-02
  7.14420E+01  8.86662E-02  4.18803E-02
  7.16912E+01  4.74090E-02  3.44899E-02
  7.19404E+01  1.70797E-02  2.78304E-02
  7.21895E+01  4.86118E-02  3.47314E-02
  7.24387E+01  3.57094E-02  3.20888E-02
  7.26879E+01  4.88116E-02  3.47740E-02
  7.29371E+01  6.75436E-02  3.82879E-02
  7.31863E+01  5.28085E-02  3.55563E-02
  7.34355E+01  5.48852E-02  3.59561E-02
  7.36846E+01  5.09919E-02  3.52083E-02
  7.39338E+01  6.40017E-02  3.76572E-02
  7.41830E+01  1.99953E-02  2.85464E-02
  7.44322E+01  3.84318E-02  3.26765E-02
  7.46814E+01  3.77113E-02  3.25265E-02
  7.49306E+01  4.01212E-02  3.30323E-02
  7.51797E+01  4.17920E-02  3.33789E-02
  7.54289E+01  3.28523E-02  3.14893E-02
  7.56781E+01  3.11992E-02  3.11283E-02
  7.59273E+01  4.08737E-02  3.31945E-02
  7.61765E+01  4.26852E-02  3.35685E-02
  7.64257E+01  9.74689E-02  4.33512E-02
  7.66748E+01  3.07908E-02  3.10427E-02
  7.69240E+01  3.57222E-02  3.21178E-02
  7.71732E+01  3.74076E-02  3.24771E-02
  7.74224E+01  2.70570E-02  3.02091E-02
  7.76716E+01  4.37652E-02  3.37985E-02
  7.79208E+01  1.86753E-02  2.82399E-02
  7.81699E+01  6.19159E-02  3.73119E-02
  7.84191E+01  6.93627E-02  3.86611E-02
  7.86683E+01  2.72826E-02  3.02665E-02
  7.89175E+01  1.29155E-02  2.68036E-02
  7.91667E+01  2.11735E-02  2.88462E-02
  7.94159E+01  2.64308E-02  3.00753E-02
  7.96650E+01  5.51997E-02  3.60648E-02
  7.99142E+01  1.12117E-01  4.56556E-02
  8.01634E+01  6.36988E-02  3.76563E-02
  8.04126E+01  5.32908E-02  3.57039E-02
  8.06618E+01  5.27507E-02  3.56015E-02
  8.09110E+01  1.81182E-02  2.81137E-02
  8.11601E+01  9.70806E-03  2.59720E-02
  8.14093E+01  3.59460E-02  3.21910E-02
  8.16585E+01  8.13851E-02  4.07772E-02
  8.19077E+01  8.22271E-02  4.09218E-02
  8.21569E+01  1.09251E-01  4.52498E-02
  8.24061E+01  5.46407E-02  3.59788E-02
  8.26552E+01  5.34731E-02  3.57567E-02
  8.29044E+01  7.51768E-02  3.97256E-02
  8.31536E+01  2.96163E-02  3.08141E-02
  8.34028E+01  4.96312E-02  3.50124E-02
  8.36520E+01  2.51756E-02  2.98050E-02
  8.39012E+01 -7.40068E-03  2.09410E-02
  8.41503E+01  1.09833E-02  2.63144E-02
  8.43995E+01  2.32401E-02  2.93571E-02
  8.46487E+01  1.11803E-01  4.56675E-02
  8.48979E+01  3.45023E-02  3.18993E-02
  8.51471E+01 -3.91176E-02  1.29990E-02
