0. 0 0
0.0637958533 0.000500599 5.00599e-06
0.127591707 0.0020024 2.0024e-05
0.19138756 0.00450539 4.50539e-05
0.255183413 0.00800958 8.00958e-05
0.318979266 0.012515 0.00012515
0.38277512 0.0180216 0.000180216
0.446570973 0.0245294 0.000245294
0.510366826 0.0320383 0.000320383
0.574162679 0.0405485 0.000405485
0.637958533 0.0500599 0.000500599
0.701754386 0.0605725 0.000605725
0.765550239 0.0720863 0.000720863
0.829346093 0.0846012 0.000846012
0.893141946 0.0981174 0.000981174
0.956937799 0.112635 0.00112635
1.02073365 0.128153 0.00128153
1.08452951 0.144673 0.00144673
1.14832536 0.162194 0.00162194
1.21212121 0.180716 0.00180716
1.27591707 0.20024 0.0020024
1.33971292 0.220764 0.00220764
1.40350877 0.24229 0.0024229
1.46730463 0.264817 0.00264817
1.53110048 0.288345 0.00288345
1.59489633 0.312874 0.00312874
1.65869219 0.338405 0.00338405
1.72248804 0.364937 0.00364937
1.78628389 0.39247 0.0039247
1.85007974 0.421004 0.00421004
1.9138756 0.450539 0.00450539
1.97767145 0.481076 0.00481076
2.0414673 0.512613 0.00512613
2.10526316 0.549407 0.00549407
2.16905901 0.58574 0.0058574
2.23285486 0.61628 0.0061628
2.29665072 0.652833 0.00652833
2.36044657 0.689978 0.00689978
2.42424242 0.73382 0.0073382
2.48803828 0.786482 0.00786482
2.55183413 0.812159 0.00812159
2.61562998 0.847281 0.00847281
2.67942584 0.892275 0.00892275
2.74322169 0.929017 0.00929017
2.80701754 0.981365 0.00981365
2.8708134 1.01789 0.0101789
2.93460925 1.04774 0.0104774
2.9984051 1.10246 0.0110246
3.06220096 1.16189 0.0116189
3.12599681 1.22135 0.0122135
3.18979266 1.25571 0.0125571
3.25358852 1.28638 0.0128638
3.31738437 1.35605 0.0135605
3.38118022 1.41795 0.0141795
3.44497608 1.47291 0.0147291
3.50877193 1.52311 0.0152311
3.57256778 1.55902 0.0155902
3.63636364 1.62229 0.0162229
3.70015949 1.68462 0.0168462
3.76395534 1.74446 0.0174446
3.8277512 1.81145 0.0181145
3.89154705 1.85894 0.0185894
3.9553429 1.91986 0.0191986
4.01913876 1.99266 0.0199266
4.08293461 2.05632 0.0205632
4.14673046 2.12225 0.0212225
4.21052632 2.19181 0.0219181
4.27432217 2.25969 0.0225969
4.33811802 2.32725 0.0232725
4.40191388 2.3843 0.023843
4.46570973 2.44015 0.0244015
4.52950558 2.52723 0.0252723
4.59330144 2.62023 0.0262023
4.65709729 2.69302 0.0269302
4.72089314 2.75554 0.0275554
4.784689 2.81475 0.0281475
4.84848485 2.90608 0.0290608
4.9122807 3.00244 0.0300244
4.97607656 3.06659 0.0306659
5.03987241 3.14611 0.0314611
5.10366826 3.22254 0.0322254
5.16746411 3.30822 0.0330822
5.23125997 3.42177 0.0342177
5.29505582 3.48283 0.0348283
5.35885167 3.55563 0.0355563
5.42264753 3.67202 0.0367202
5.48644338 3.717 0.03717
5.55023923 3.80139 0.0380139
5.61403509 3.95688 0.0395688
5.67783094 4.04017 0.0404017
5.74162679 4.12415 0.0412415
5.80542265 4.22635 0.0422635
5.8692185 4.29239 0.0429239
5.93301435 4.3785 0.043785
5.99681021 4.4932 0.044932
6.06060606 4.61679 0.0461679
6.12440191 4.72608 0.0472608
6.18819777 4.80212 0.0480212
6.25199362 4.90059 0.0490059
6.31578947 5.01635 0.0501635
6.37958533 5.1186 0.051186
6.44338118 5.24889 0.0524889
6.50717703 5.3671 0.053671
6.57097289 5.44989 0.0544989
6.63476874 5.54663 0.0554663
6.69856459 5.6512 0.056512
6.76236045 5.78968 0.0578968
6.8261563 5.95353 0.0595353
6.88995215 6.04862 0.0604862
6.95374801 6.12532 0.0612532
7.01754386 6.25236 0.0625236
7.08133971 6.36184 0.0636184
7.14513557 6.4752 0.064752
7.20893142 6.66748 0.0666748
7.27272727 6.81563 0.0681563
7.33652313 6.87684 0.0687684
7.40031898 7.0193 0.070193
7.46411483 7.13912 0.0713912
7.52791069 7.21266 0.0721266
7.59170654 7.42712 0.0742712
7.65550239 7.59842 0.0759842
7.71929825 7.67202 0.0767202
7.7830941 7.83739 0.0783739
7.84688995 7.97884 0.0797884
7.91068581 8.05166 0.0805166
7.97448166 8.23903 0.0823903
8.03827751 8.44116 0.0844116
8.10207337 8.53104 0.0853104
8.16586922 8.69539 0.0869539
8.22966507 8.86646 0.0886646
8.29346093 8.94063 0.0894063
8.35725678 9.1181 0.091181
8.42105263 9.31989 0.0931989
8.48484848 9.44198 0.0944198
8.54864434 9.60503 0.0960503
8.61244019 9.78238 0.0978238
8.67623604 9.91128 0.0991128
8.7400319 10.0858 0.100858
8.80382775 10.277 0.10277
8.8676236 10.3953 0.103953
8.93141946 10.6112 0.106112
8.99521531 10.8377 0.108377
9.05901116 10.9071 0.109071
9.12280702 11.0422 0.110422
9.18660287 11.2835 0.112835
9.25039872 11.4403 0.114403
9.31419458 11.6013 0.116013
9.37799043 11.8711 0.118711
9.44178628 12.05 0.1205
9.50558214 12.188 0.12188
9.56937799 12.3811 0.123811
9.63317384 12.5325 0.125325
9.6969697 12.7103 0.127103
9.76076555 12.9549 0.129549
9.8245614 13.1899 0.131899
9.88835726 13.3665 0.133665
9.95215311 13.5458 0.135458
10.015949 13.757 0.13757
10.0797448 13.9369 0.139369
10.1435407 14.1176 0.141176
10.2073365 14.3705 0.143705
10.2711324 14.573 0.14573
10.3349282 14.7357 0.147357
10.3987241 15.0028 0.150028
10.4625199 15.2716 0.152716
10.5263158 15.4719 0.154719
10.5901116 15.6567 0.156567
10.6539075 15.8611 0.158611
10.7177033 16.1128 0.161128
10.7814992 16.3627 0.163627
10.8452951 16.5612 0.165612
10.9090909 16.8246 0.168246
10.9728868 17.1194 0.171194
11.0366826 17.2998 0.172998
11.1004785 17.5018 0.175018
11.1642743 17.7789 0.177789
11.2280702 17.9681 0.179681
11.291866 18.1858 0.181858
11.3556619 18.5447 0.185447
11.4194577 18.8538 0.188538
11.4832536 19.0668 0.190668
11.5470494 19.3385 0.193385
11.6108453 19.6446 0.196446
11.6746411 19.8445 0.198445
11.738437 20.0415 0.200415
11.8022329 20.3476 0.203476
11.8660287 20.6584 0.206584
11.9298246 20.9395 0.209395
11.9936204 21.2117 0.212117
12.0574163 21.4714 0.214714
12.1212121 21.7941 0.217941
12.185008 22.1261 0.221261
12.2488038 22.4303 0.224303
12.3125997 22.697 0.22697
12.3763955 22.979 0.22979
12.4401914 23.3247 0.233247
12.5039872 23.5968 0.235968
12.5677831 23.8652 0.238652
12.6315789 24.234 0.24234
12.6953748 24.6264 0.246264
12.7591707 24.8869 0.248869
12.8229665 25.128 0.25128
12.8867624 25.557 0.25557
12.9505582 25.9703 0.259703
13.0143541 26.268 0.26268
13.0781499 26.5312 0.265312
13.1419458 26.8544 0.268544
13.2057416 27.2928 0.272928
13.2695375 27.691 0.27691
13.3333333 27.9742 0.279742
13.3971292 28.2984 0.282984
13.460925 28.6928 0.286928
13.5247209 29.0988 0.290988
13.5885167 29.5603 0.295603
13.6523126 29.9688 0.299688
13.7161085 30.3057 0.303057
13.7799043 30.5984 0.305984
13.8437002 30.9774 0.309774
13.907496 31.497 0.31497
13.9712919 31.9739 0.319739
14.0350877 32.3296 0.323296
14.0988836 32.6585 0.326585
14.1626794 33.0865 0.330865
14.2264753 33.5654 0.335654
14.2902711 34.0113 0.340113
14.354067 34.4228 0.344228
14.4178628 34.8972 0.348972
14.4816587 35.4183 0.354183
14.5454545 35.8601 0.358601
14.6092504 36.2936 0.362936
14.6730463 36.7488 0.367488
14.7368421 37.2072 0.372072
14.800638 37.7478 0.377478
14.8644338 38.3134 0.383134
14.9282297 38.879 0.38879
14.9920255 39.3163 0.393163
15.0558214 39.7872 0.397872
15.1196172 40.42 0.4042
15.1834131 40.9328 0.409328
15.2472089 41.3661 0.413661
15.3110048 41.8984 0.418984
15.3748006 42.4594 0.424594
15.4385965 42.9865 0.429865
15.5023923 43.6508 0.436508
15.5661882 44.3605 0.443605
15.6299841 44.9339 0.449339
15.6937799 45.4781 0.454781
15.7575758 46.0363 0.460363
15.8213716 46.6666 0.466666
15.8851675 47.3614 0.473614
15.9489633 48.0176 0.480176
16.0127592 48.7515 0.487515
16.076555 49.4697 0.494697
16.1403509 50.1145 0.501145
16.2041467 50.8113 0.508113
16.2679426 51.484 0.51484
16.3317384 52.2233 0.522233
16.3955343 53.0006 0.530006
16.4593301 53.6913 0.536913
16.523126 54.4488 0.544488
16.5869219 55.2585 0.552585
16.6507177 56.0545 0.560545
16.7145136 56.9129 0.569129
16.7783094 57.8278 0.578278
16.8421053 58.6871 0.586871
16.9059011 59.4549 0.594549
16.969697 60.3088 0.603088
17.0334928 61.3016 0.613016
17.0972887 62.3557 0.623557
17.1610845 63.3443 0.633443
17.2248804 64.2458 0.642458
17.2886762 65.2737 0.652737
17.3524721 66.382 0.66382
17.4162679 67.4328 0.674328
17.4800638 68.57 0.6857
17.5438596 69.7495 0.697495
17.6076555 70.8777 0.708777
17.6714514 72.1517 0.721517
17.7352472 73.5367 0.735367
17.7990431 74.8568 0.748568
17.8628389 76.1962 0.761962
17.9266348 77.5503 0.775503
17.9904306 79.039 0.79039
18.0542265 80.7893 0.807893
18.1180223 82.4494 0.824494
18.1818182 84.2136 0.842136
18.245614 86.2267 0.862267
18.3094099 88.3852 0.883852
18.3732057 90.7326 0.907326
18.4370016 93.2766 0.932766
18.5007974 96.5139 0.965139
18.5645933 100.918 1.00918
18.6283892 105.373 1.05373
18.692185 107.773 1.07773
18.7559809 108.578 1.08578
18.8197767 109.29 1.0929
18.8835726 110.069 1.10069
18.9473684 110.834 1.10834
19.0111643 111.451 1.11451
19.0749601 112.109 1.12109
19.138756 112.919 1.12919
19.2025518 113.76 1.1376
19.2663477 114.624 1.14624
19.3301435 115.357 1.15357
19.3939394 116.161 1.16161
19.4577352 117.098 1.17098
19.5215311 117.841 1.17841
19.585327 118.561 1.18561
19.6491228 119.474 1.19474
19.7129187 120.384 1.20384
19.7767145 121.304 1.21304
19.8405104 122.271 1.22271
19.9043062 123.118 1.23118
19.9681021 123.964 1.23964
20.0318979 124.95 1.2495
20.0956938 125.972 1.25972
20.1594896 126.946 1.26946
20.2232855 128.013 1.28013
20.2870813 129.107 1.29107
20.3508772 129.956 1.29956
20.414673 130.916 1.30916
20.4784689 132.144 1.32144
20.5422648 133.219 1.33219
20.6060606 134.31 1.3431
20.6698565 135.498 1.35498
20.7336523 136.578 1.36578
20.7974482 137.664 1.37664
20.861244 138.881 1.38881
20.9250399 140.274 1.40274
20.9888357 141.529 1.41529
21.0526316 142.621 1.42621
21.1164274 143.841 1.43841
21.1802233 145.253 1.45253
21.2440191 146.627 1.46627
21.307815 147.842 1.47842
21.3716108 149.36 1.4936
21.4354067 150.926 1.50926
21.4992026 152.218 1.52218
21.5629984 153.647 1.53647
21.6267943 155.194 1.55194
21.6905901 156.744 1.56744
21.754386 158.262 1.58262
21.8181818 159.747 1.59747
21.8819777 161.335 1.61335
21.9457735 163.034 1.63034
22.0095694 164.764 1.64764
22.0733652 166.48 1.6648
22.1371611 168.226 1.68226
22.2009569 169.978 1.69978
22.2647528 170.098 1.70098
22.3285486 165.426 1.65426
22.3923445 157.353 1.57353
22.4561404 150.823 1.50823
22.5199362 146.752 1.46752
22.5837321 143.739 1.43739
22.6475279 141.154 1.41154
22.7113238 138.905 1.38905
22.7751196 137.019 1.37019
22.8389155 135.216 1.35216
22.9027113 133.716 1.33716
22.9665072 132.548 1.32548
23.030303 131.323 1.31323
23.0940989 130.219 1.30219
23.1578947 129.419 1.29419
23.2216906 128.653 1.28653
23.2854864 127.804 1.27804
23.3492823 127.09 1.2709
23.4130781 126.554 1.26554
23.476874 126.04 1.2604
23.5406699 125.658 1.25658
23.6044657 125.405 1.25405
23.6682616 125.044 1.25044
23.7320574 124.724 1.24724
23.7958533 124.569 1.24569
23.8596491 124.431 1.24431
23.923445 124.373 1.24373
23.9872408 124.48 1.2448
24.0510367 124.586 1.24586
24.1148325 124.603 1.24603
24.1786284 124.685 1.24685
24.2424242 124.965 1.24965
24.3062201 125.383 1.25383
24.3700159 125.82 1.2582
24.4338118 126.202 1.26202
24.4976077 126.598 1.26598
24.5614035 127.178 1.27178
24.6251994 128.048 1.28048
24.6889952 128.94 1.2894
24.7527911 129.765 1.29765
24.8165869 130.787 1.30787
24.8803828 132.036 1.32036
24.9441786 133.56 1.3356
25.0079745 135.343 1.35343
25.0717703 137.4 1.374
25.1355662 140.043 1.40043
25.199362 144.354 1.44354
25.2631579 149.447 1.49447
25.3269537 151.98 1.5198
25.3907496 151.839 1.51839
25.4545455 151.068 1.51068
25.5183413 150.248 1.50248
25.5821372 149.352 1.49352
25.645933 148.319 1.48319
25.7097289 147.44 1.4744
25.7735247 146.913 1.46913
25.8373206 146.353 1.46353
25.9011164 145.727 1.45727
25.9649123 144.988 1.44988
26.0287081 144.079 1.44079
26.092504 143.317 1.43317
26.1562998 142.789 1.42789
26.2200957 142.347 1.42347
26.2838915 141.68 1.4168
26.3476874 141.003 1.41003
26.4114833 140.454 1.40454
26.4752791 139.803 1.39803
26.539075 139.252 1.39252
26.6028708 138.73 1.3873
26.6666667 138.12 1.3812
26.7304625 137.525 1.37525
26.7942584 136.976 1.36976
26.8580542 136.536 1.36536
26.9218501 136.16 1.3616
26.9856459 135.685 1.35685
27.0494418 135.052 1.35052
27.1132376 134.504 1.34504
27.1770335 134.127 1.34127
27.2408293 133.579 1.33579
27.3046252 133.017 1.33017
27.3684211 132.653 1.32653
27.4322169 132.269 1.32269
27.4960128 131.798 1.31798
27.5598086 131.311 1.31311
27.6236045 130.911 1.30911
27.6874003 130.561 1.30561
27.7511962 130.221 1.30221
27.814992 129.709 1.29709
27.8787879 129.177 1.29177
27.9425837 128.802 1.28802
28.0063796 128.443 1.28443
28.0701754 128.136 1.28136
28.1339713 127.751 1.27751
28.1977671 127.21 1.2721
28.261563 126.734 1.26734
28.3253589 126.437 1.26437
28.3891547 126.092 1.26092
28.4529506 125.692 1.25692
28.5167464 125.279 1.25279
28.5805423 124.84 1.2484
28.6443381 124.523 1.24523
28.708134 124.233 1.24233
28.7719298 123.823 1.23823
28.8357257 123.384 1.23384
28.8995215 122.981 1.22981
28.9633174 122.577 1.22577
29.0271132 122.252 1.22252
29.0909091 121.899 1.21899
29.1547049 121.448 1.21448
29.2185008 120.988 1.20988
29.2822967 120.525 1.20525
29.3460925 120.165 1.20165
29.4098884 119.813 1.19813
29.4736842 119.377 1.19377
29.5374801 118.945 1.18945
29.6012759 118.469 1.18469
29.6650718 117.933 1.17933
29.7288676 117.376 1.17376
29.7926635 116.928 1.16928
29.8564593 116.474 1.16474
29.9202552 115.83 1.1583
29.984051 115.105 1.15105
30.0478469 114.254 1.14254
30.1116427 113.359 1.13359
30.1754386 112.49 1.1249
30.2392344 111.676 1.11676
30.3030303 111.106 1.11106
30.3668262 110.61 1.1061
30.430622 109.994 1.09994
30.4944179 109.36 1.0936
30.5582137 108.778 1.08778
30.6220096 108.334 1.08334
30.6858054 108.018 1.08018
30.7496013 107.561 1.07561
30.8133971 107.001 1.07001
30.877193 106.572 1.06572
30.9409888 106.29 1.0629
31.0047847 106.098 1.06098
31.0685805 105.846 1.05846
31.1323764 105.573 1.05573
31.1961722 105.312 1.05312
31.2599681 105.017 1.05017
31.323764 104.809 1.04809
31.3875598 104.67 1.0467
31.4513557 104.496 1.04496
31.5151515 104.261 1.04261
31.5789474 104.126 1.04126
31.6427432 104.096 1.04096
31.7065391 104.064 1.04064
31.7703349 104.086 1.04086
31.8341308 104.062 1.04062
31.8979266 104.028 1.04028
31.9617225 104.075 1.04075
32.0255183 104.127 1.04127
32.0893142 104.277 1.04277
32.15311 104.48 1.0448
32.2169059 104.684 1.04684
32.2807018 104.945 1.04945
32.3444976 105.186 1.05186
32.4082935 105.467 1.05467
32.4720893 105.838 1.05838
32.5358852 106.209 1.06209
32.599681 106.593 1.06593
32.6634769 107.064 1.07064
32.7272727 107.474 1.07474
32.7910686 107.815 1.07815
32.8548644 108.443 1.08443
32.9186603 109.41 1.0941
32.9824561 110.329 1.10329
33.046252 111.098 1.11098
33.1100478 112.107 1.12107
33.1738437 113.236 1.13236
33.2376396 114.195 1.14195
33.3014354 115.15 1.1515
33.3652313 116.205 1.16205
33.4290271 117.472 1.17472
33.492823 118.918 1.18918
33.5566188 120.603 1.20603
33.6204147 122.675 1.22675
33.6842105 124.763 1.24763
33.7480064 126.542 1.26542
33.8118022 128.4 1.284
33.8755981 130.7 1.307
33.9393939 133.454 1.33454
34.0031898 136.97 1.3697
34.0669856 140.459 1.40459
34.1307815 143.11 1.4311
34.1945774 147.399 1.47399
34.2583732 153.221 1.53221
34.3221691 158.49 1.5849
34.3859649 165.395 1.65395
34.4497608 175.662 1.75662
34.5135566 186.365 1.86365
34.5773525 193.057 1.93057
34.6411483 196.461 1.96461
34.7049442 199.678 1.99678
34.76874 203.363 2.03363
34.8325359 207.519 2.07519
34.8963317 212.307 2.12307
34.9601276 218.325 2.18325
35.0239234 225.99 2.2599
35.0877193 238.166 2.38166
35.1515152 258.416 2.58416
35.215311 280.416 2.80416
35.2791069 295.263 2.95263
35.3429027 304.884 3.04884
35.4066986 313.397 3.13397
35.4704944 321.143 3.21143
35.5342903 322.023 3.22023
35.5980861 303.865 3.03865
35.661882 272.304 2.72304
35.7256778 246.733 2.46733
35.7894737 230.371 2.30371
35.8532695 217.463 2.17463
35.9170654 206.555 2.06555
35.9808612 197.045 1.97045
36.0446571 188.444 1.88444
36.108453 180.732 1.80732
36.1722488 173.662 1.73662
36.2360447 166.957 1.66957
36.2998405 160.65 1.6065
36.3636364 154.742 1.54742
36.4274322 149.139 1.49139
36.4912281 143.701 1.43701
36.5550239 138.443 1.38443
36.6188198 133.451 1.33451
36.6826156 128.543 1.28543
36.7464115 123.639 1.23639
36.8102073 118.934 1.18934
36.8740032 114.392 1.14392
36.937799 109.852 1.09852
37.0015949 105.301 1.05301
37.0653907 100.835 1.00835
37.1291866 96.4058 0.964058
37.1929825 91.9027 0.919027
37.2567783 87.4435 0.874435
37.3205742 82.9567 0.829567
37.38437 78.2778 0.782778
37.4481659 73.5503 0.735503
37.5119617 68.7742 0.687742
37.5757576 63.782 0.63782
37.6395534 58.536 0.58536
37.7033493 52.9798 0.529798
37.7671451 46.9724 0.469724
37.830941 40.288 0.40288
37.8947368 32.3655 0.323655
37.9585327 21.1551 0.211551
38.0223285 8.54607 0.0854607
38.0861244 1.38735 0.0138735
38.1499203 0 0
38.2137161 0 0
38.277512 0 0
38.3413078 0 0
38.4051037 0 0
38.4688995 0 0
38.5326954 0 0
38.5964912 0 0
38.6602871 0 0
38.7240829 0 0
38.7878788 0 0
38.8516746 0 0
38.9154705 0 0
38.9792663 0 0
39.0430622 0 0
39.1068581 0 0
39.1706539 0 0
39.2344498 0 0
39.2982456 0 0
39.3620415 0 0
39.4258373 0 0
39.4896332 0 0
39.553429 0 0
39.6172249 0 0
39.6810207 0 0
39.7448166 0 0
39.8086124 0 0
39.8724083 0 0
39.9362041 0 0
40. 0 0
