@page size 600,600
@view 0.12,0.1,0.97,0.93
@subtitle "PHOENIX module phox, 10/30/16 at 15:29:20 -07:00"
@xaxes scale Normal
@yaxes scale Normal
@xaxis label "energy (meV)"
@yaxis label "three and higher phonon contribution (1/eV)"
@type xy
 -1.02271E+02  2.11048E-05
 -1.01972E+02  4.62938E-06
 -1.01673E+02  2.72273E-05
 -1.01374E+02  1.56277E-05
 -1.01075E+02  1.00637E-05
 -1.00776E+02  3.97138E-05
 -1.00477E+02 -2.01296E-06
 -1.00178E+02  4.26013E-05
 -9.98791E+01  1.45971E-05
 -9.95800E+01  2.35154E-05
 -9.92810E+01  3.83346E-05
 -9.89820E+01  1.27901E-05
 -9.86829E+01  4.42404E-05
 -9.83839E+01  2.43637E-05
 -9.80848E+01  3.03087E-05
 -9.77858E+01  4.82487E-05
 -9.74868E+01  1.63933E-05
 -9.71877E+01  5.91959E-05
 -9.68887E+01  2.75090E-05
 -9.65896E+01  4.18689E-05
 -9.62906E+01  5.92030E-05
 -9.59916E+01  2.36542E-05
 -9.56925E+01  7.17590E-05
 -9.53935E+01  3.83343E-05
 -9.50944E+01  5.35107E-05
 -9.47954E+01  7.09225E-05
 -9.44964E+01  3.62668E-05
 -9.41973E+01  8.86084E-05
 -9.38983E+01  4.30407E-05
 -9.35992E+01  8.23533E-05
 -9.33002E+01  6.71857E-05
 -9.30012E+01  7.07849E-05
 -9.27021E+01  8.67175E-05
 -9.24031E+01  7.18756E-05
 -9.21041E+01  9.20867E-05
 -9.18050E+01  8.51807E-05
 -9.15060E+01  8.95092E-05
 -9.12069E+01  1.04323E-04
 -9.09079E+01  8.61663E-05
 -9.06089E+01  1.18140E-04
 -9.03098E+01  9.55242E-05
 -9.00108E+01  1.19340E-04
 -8.97117E+01  1.11491E-04
 -8.94127E+01  1.24607E-04
 -8.91137E+01  1.18701E-04
 -8.88146E+01  1.37187E-04
 -8.85156E+01  1.28267E-04
 -8.82165E+01  1.42539E-04
 -8.79175E+01  1.44802E-04
 -8.76185E+01  1.47634E-04
 -8.73194E+01  1.58035E-04
 -8.70204E+01  1.61629E-04
 -8.67213E+01  1.60805E-04
 -8.64223E+01  1.84679E-04
 -8.61233E+01  1.65561E-04
 -8.58242E+01  1.93958E-04
 -8.55252E+01  1.91865E-04
 -8.52262E+01  1.90144E-04
 -8.49271E+01  2.13919E-04
 -8.46281E+01  2.08751E-04
 -8.43290E+01  2.11564E-04
 -8.40300E+01  2.37601E-04
 -8.37310E+01  2.23109E-04
 -8.34319E+01  2.42927E-04
 -8.31329E+01  2.50145E-04
 -8.28338E+01  2.53016E-04
 -8.25348E+01  2.60217E-04
 -8.22358E+01  2.81554E-04
 -8.19367E+01  2.63810E-04
 -8.16377E+01  3.04271E-04
 -8.13386E+01  2.80616E-04
 -8.10396E+01  3.18471E-04
 -8.07406E+01  3.00284E-04
 -8.04415E+01  3.33426E-04
 -8.01425E+01  3.21628E-04
 -7.98434E+01  3.45244E-04
 -7.95444E+01  3.50626E-04
 -7.92454E+01  3.50494E-04
 -7.89463E+01  3.80714E-04
 -7.86473E+01  3.65335E-04
 -7.83483E+01  3.93785E-04
 -7.80492E+01  4.03932E-04
 -7.77502E+01  3.87217E-04
 -7.74511E+01  4.48325E-04
 -7.71521E+01  3.96282E-04
 -7.68531E+01  4.60873E-04
 -7.65540E+01  4.44134E-04
 -7.62550E+01  4.44851E-04
 -7.59559E+01  4.99913E-04
 -7.56569E+01  4.49382E-04
 -7.53579E+01  5.11637E-04
 -7.50588E+01  5.06900E-04
 -7.47598E+01  4.88378E-04
 -7.44607E+01  5.65394E-04
 -7.41617E+01  5.01828E-04
 -7.38627E+01  5.69921E-04
 -7.35636E+01  5.61262E-04
 -7.32646E+01  5.57839E-04
 -7.29655E+01  6.08991E-04
 -7.26665E+01  5.74516E-04
 -7.23675E+01  6.30380E-04
 -7.20684E+01  6.08491E-04
 -7.17694E+01  6.44739E-04
 -7.14704E+01  6.47140E-04
 -7.11713E+01  6.53717E-04
 -7.08723E+01  6.93139E-04
 -7.05732E+01  6.68127E-04
 -7.02742E+01  7.13745E-04
 -6.99752E+01  7.20142E-04
 -6.96761E+01  7.10273E-04
 -6.93771E+01  7.68199E-04
 -6.90780E+01  7.41470E-04
 -6.87790E+01  7.68875E-04
 -6.84800E+01  8.10868E-04
 -6.81809E+01  7.63797E-04
 -6.78819E+01  8.46560E-04
 -6.75828E+01  8.24161E-04
 -6.72838E+01  8.18806E-04
 -6.69848E+01  9.10500E-04
 -6.66857E+01  8.23344E-04
 -6.63867E+01  9.25234E-04
 -6.60876E+01  9.03247E-04
 -6.57886E+01  8.99782E-04
 -6.54896E+01  9.74538E-04
 -6.51905E+01  9.21426E-04
 -6.48915E+01  9.93840E-04
 -6.45925E+01  9.80475E-04
 -6.42934E+01  9.96474E-04
 -6.39944E+01  1.04397E-03
 -6.36953E+01  1.00680E-03
 -6.33963E+01  1.08757E-03
 -6.30973E+01  1.05102E-03
 -6.27982E+01  1.09922E-03
 -6.24992E+01  1.11182E-03
 -6.22001E+01  1.11529E-03
 -6.19011E+01  1.16030E-03
 -6.16021E+01  1.14444E-03
 -6.13030E+01  1.20044E-03
 -6.10040E+01  1.18861E-03
 -6.07049E+01  1.21548E-03
 -6.04059E+01  1.26147E-03
 -6.01069E+01  1.21906E-03
 -5.98078E+01  1.32044E-03
 -5.95088E+01  1.26890E-03
 -5.92097E+01  1.32135E-03
 -5.89107E+01  1.35701E-03
 -5.86117E+01  1.33240E-03
 -5.83126E+01  1.39716E-03
 -5.80136E+01  1.40671E-03
 -5.77146E+01  1.39437E-03
 -5.74155E+01  1.48219E-03
 -5.71165E+01  1.44343E-03
 -5.68174E+01  1.48603E-03
 -5.65184E+01  1.53975E-03
 -5.62194E+01  1.50434E-03
 -5.59203E+01  1.57057E-03
 -5.56213E+01  1.60497E-03
 -5.53222E+01  1.56209E-03
 -5.50232E+01  1.67476E-03
 -5.47242E+01  1.63864E-03
 -5.44251E+01  1.66870E-03
 -5.41261E+01  1.74559E-03
 -5.38270E+01  1.69051E-03
 -5.35280E+01  1.79619E-03
 -5.32290E+01  1.77043E-03
 -5.29299E+01  1.81651E-03
 -5.26309E+01  1.85879E-03
 -5.23318E+01  1.84818E-03
 -5.20328E+01  1.93180E-03
 -5.17338E+01  1.90349E-03
 -5.14347E+01  1.98035E-03
 -5.11357E+01  1.98798E-03
 -5.08367E+01  2.01196E-03
 -5.05376E+01  2.07070E-03
 -5.02386E+01  2.07178E-03
 -4.99395E+01  2.12076E-03
 -4.96405E+01  2.15686E-03
 -4.93415E+01  2.16967E-03
 -4.90424E+01  2.22499E-03
 -4.87434E+01  2.24735E-03
 -4.84443E+01  2.28149E-03
 -4.81453E+01  2.31811E-03
 -4.78463E+01  2.35880E-03
 -4.75472E+01  2.37436E-03
 -4.72482E+01  2.44730E-03
 -4.69491E+01  2.43231E-03
 -4.66501E+01  2.53222E-03
 -4.63511E+01  2.50707E-03
 -4.60520E+01  2.59078E-03
 -4.57530E+01  2.62100E-03
 -4.54539E+01  2.62794E-03
 -4.51549E+01  2.73605E-03
 -4.48559E+01  2.70051E-03
 -4.45568E+01  2.79223E-03
 -4.42578E+01  2.84431E-03
 -4.39588E+01  2.81657E-03
 -4.36597E+01  2.95734E-03
 -4.33607E+01  2.93479E-03
 -4.30616E+01  2.97556E-03
 -4.27626E+01  3.09914E-03
 -4.24636E+01  3.03105E-03
 -4.21645E+01  3.17351E-03
 -4.18655E+01  3.18087E-03
 -4.15664E+01  3.21286E-03
 -4.12674E+01  3.29947E-03
 -4.09684E+01  3.33414E-03
 -4.06693E+01  3.34924E-03
 -4.03703E+01  3.47605E-03
 -4.00712E+01  3.44202E-03
 -3.97722E+01  3.55386E-03
 -3.94732E+01  3.59882E-03
 -3.91741E+01  3.60107E-03
 -3.88751E+01  3.74944E-03
 -3.85760E+01  3.70452E-03
 -3.82770E+01  3.82669E-03
 -3.79780E+01  3.88360E-03
 -3.76789E+01  3.85930E-03
 -3.73799E+01  4.06480E-03
 -3.70809E+01  3.95860E-03
 -3.67818E+01  4.14423E-03
 -3.64828E+01  4.15103E-03
 -3.61837E+01  4.18353E-03
 -3.58847E+01  4.33472E-03
 -3.55857E+01  4.27676E-03
 -3.52866E+01  4.43897E-03
 -3.49876E+01  4.45427E-03
 -3.46885E+01  4.48209E-03
 -3.43895E+01  4.64713E-03
 -3.40905E+01  4.56548E-03
 -3.37914E+01  4.76906E-03
 -3.34924E+01  4.72485E-03
 -3.31933E+01  4.83287E-03
 -3.28943E+01  4.91712E-03
 -3.25953E+01  4.91022E-03
 -3.22962E+01  5.04761E-03
 -3.19972E+01  5.09459E-03
 -3.16981E+01  5.08460E-03
 -3.13991E+01  5.29829E-03
 -3.11001E+01  5.20772E-03
 -3.08010E+01  5.36865E-03
 -3.05020E+01  5.43698E-03
 -3.02030E+01  5.43215E-03
 -2.99039E+01  5.57422E-03
 -2.96049E+01  5.63037E-03
 -2.93058E+01  5.62156E-03
 -2.90068E+01  5.82863E-03
 -2.87078E+01  5.75801E-03
 -2.84087E+01  5.91041E-03
 -2.81097E+01  5.96822E-03
 -2.78106E+01  5.99866E-03
 -2.75116E+01  6.12065E-03
 -2.72126E+01  6.13900E-03
 -2.69135E+01  6.25236E-03
 -2.66145E+01  6.29036E-03
 -2.63154E+01  6.36556E-03
 -2.60164E+01  6.44982E-03
 -2.57174E+01  6.49996E-03
 -2.54183E+01  6.57646E-03
 -2.51193E+01  6.64302E-03
 -2.48202E+01  6.73439E-03
 -2.45212E+01  6.74148E-03
 -2.42222E+01  6.91249E-03
 -2.39231E+01  6.87211E-03
 -2.36241E+01  7.00769E-03
 -2.33251E+01  7.10273E-03
 -2.30260E+01  7.04991E-03
 -2.27270E+01  7.29221E-03
 -2.24279E+01  7.21157E-03
 -2.21289E+01  7.33587E-03
 -2.18299E+01  7.47323E-03
 -2.15308E+01  7.36985E-03
 -2.12318E+01  7.64624E-03
 -2.09327E+01  7.54314E-03
 -2.06337E+01  7.68333E-03
 -2.03347E+01  7.78421E-03
 -2.00356E+01  7.74118E-03
 -1.97366E+01  7.93648E-03
 -1.94375E+01  7.89263E-03
 -1.91385E+01  8.02030E-03
 -1.88395E+01  8.07670E-03
 -1.85404E+01  8.09820E-03
 -1.82414E+01  8.24791E-03
 -1.79423E+01  8.19063E-03
 -1.76433E+01  8.38331E-03
 -1.73443E+01  8.36206E-03
 -1.70452E+01  8.42297E-03
 -1.67462E+01  8.57343E-03
 -1.64472E+01  8.51260E-03
 -1.61481E+01  8.67030E-03
 -1.58491E+01  8.71939E-03
 -1.55500E+01  8.71374E-03
 -1.52510E+01  8.89164E-03
 -1.49520E+01  8.84605E-03
 -1.46529E+01  8.95792E-03
 -1.43539E+01  9.07357E-03
 -1.40548E+01  8.98938E-03
 -1.37558E+01  9.22725E-03
 -1.34568E+01  9.18032E-03
 -1.31577E+01  9.21711E-03
 -1.28587E+01  9.45111E-03
 -1.25596E+01  9.25775E-03
 -1.22606E+01  9.55634E-03
 -1.19616E+01  9.50019E-03
 -1.16625E+01  9.51604E-03
 -1.13635E+01  9.77734E-03
 -1.10644E+01  9.56628E-03
 -1.07654E+01  9.86360E-03
 -1.04664E+01  9.82961E-03
 -1.01673E+01  9.82143E-03
 -9.86829E+00  1.00760E-02
 -9.56925E+00  9.92805E-03
 -9.27021E+00  1.01212E-02
 -8.97117E+00  1.01802E-02
 -8.67213E+00  1.01541E-02
 -8.37310E+00  1.03153E-02
 -8.07406E+00  1.03584E-02
 -7.77502E+00  1.03372E-02
 -7.47598E+00  1.05347E-02
 -7.17694E+00  1.05100E-02
 -6.87790E+00  1.05589E-02
 -6.57886E+00  1.07317E-02
 -6.27982E+00  1.06538E-02
 -5.98078E+00  1.08219E-02
 -5.68174E+00  1.08672E-02
 -5.38270E+00  1.08627E-02
 -5.08367E+00  1.10490E-02
 -4.78463E+00  1.09886E-02
 -4.48559E+00  1.11364E-02
 -4.18655E+00  1.11944E-02
 -3.88751E+00  1.11864E-02
 -3.58847E+00  1.13645E-02
 -3.28943E+00  1.13297E-02
 -2.99039E+00  1.14583E-02
 -2.69135E+00  1.14917E-02
 -2.39231E+00  1.15794E-02
 -2.09327E+00  1.16340E-02
 -1.79423E+00  1.16887E-02
 -1.49520E+00  1.18090E-02
 -1.19616E+00  1.17934E-02
 -8.97117E-01  1.19502E-02
 -5.98078E-01  1.19588E-02
 -2.99039E-01  1.20220E-02
  0.00000E+00  1.21982E-02
  2.99039E-01  1.20650E-02
  5.98078E-01  1.23790E-02
  8.97117E-01  1.22554E-02
  1.19616E+00  1.24021E-02
  1.49520E+00  1.25383E-02
  1.79423E+00  1.24425E-02
  2.09327E+00  1.27063E-02
  2.39231E+00  1.26736E-02
  2.69135E+00  1.26961E-02
  2.99039E+00  1.29683E-02
  3.28943E+00  1.27953E-02
  3.58847E+00  1.30561E-02
  3.88751E+00  1.30642E-02
  4.18655E+00  1.31133E-02
  4.48559E+00  1.32518E-02
  4.78463E+00  1.32806E-02
  5.08367E+00  1.33782E-02
  5.38270E+00  1.34497E-02
  5.68174E+00  1.35362E-02
  5.98078E+00  1.36108E-02
  6.27982E+00  1.36574E-02
  6.57886E+00  1.38299E-02
  6.87790E+00  1.37601E-02
  7.17694E+00  1.39905E-02
  7.47598E+00  1.39896E-02
  7.77502E+00  1.40060E-02
  8.07406E+00  1.43128E-02
  8.37310E+00  1.40510E-02
  8.67213E+00  1.44419E-02
  8.97117E+00  1.43967E-02
  9.27021E+00  1.43124E-02
  9.56925E+00  1.48115E-02
  9.86829E+00  1.43602E-02
  1.01673E+01  1.48671E-02
  1.04664E+01  1.47994E-02
  1.07654E+01  1.46784E-02
  1.10644E+01  1.52077E-02
  1.13635E+01  1.47832E-02
  1.16625E+01  1.52040E-02
  1.19616E+01  1.52255E-02
  1.22606E+01  1.50730E-02
  1.25596E+01  1.55507E-02
  1.28587E+01  1.52214E-02
  1.31577E+01  1.55561E-02
  1.34568E+01  1.56056E-02
  1.37558E+01  1.54928E-02
  1.40548E+01  1.58569E-02
  1.43539E+01  1.56837E-02
  1.46529E+01  1.58723E-02
  1.49520E+01  1.59609E-02
  1.52510E+01  1.59499E-02
  1.55500E+01  1.61111E-02
  1.58491E+01  1.61170E-02
  1.61481E+01  1.62203E-02
  1.64472E+01  1.62865E-02
  1.67462E+01  1.63353E-02
  1.70452E+01  1.64503E-02
  1.73443E+01  1.64428E-02
  1.76433E+01  1.66177E-02
  1.79423E+01  1.65504E-02
  1.82414E+01  1.67533E-02
  1.85404E+01  1.67311E-02
  1.88395E+01  1.67962E-02
  1.91385E+01  1.69339E-02
  1.94375E+01  1.68988E-02
  1.97366E+01  1.70246E-02
  2.00356E+01  1.70802E-02
  2.03347E+01  1.70674E-02
  2.06337E+01  1.72251E-02
  2.09327E+01  1.72098E-02
  2.12318E+01  1.72253E-02
  2.15308E+01  1.74154E-02
  2.18299E+01  1.72647E-02
  2.21289E+01  1.74496E-02
  2.24279E+01  1.74843E-02
  2.27270E+01  1.73884E-02
  2.30260E+01  1.76176E-02
  2.33251E+01  1.74872E-02
  2.36241E+01  1.75868E-02
  2.39231E+01  1.76473E-02
  2.42222E+01  1.75920E-02
  2.45212E+01  1.76794E-02
  2.48202E+01  1.76915E-02
  2.51193E+01  1.76957E-02
  2.54183E+01  1.76976E-02
  2.57174E+01  1.78308E-02
  2.60164E+01  1.76503E-02
  2.63154E+01  1.78369E-02
  2.66145E+01  1.78504E-02
  2.69135E+01  1.76285E-02
  2.72126E+01  1.80457E-02
  2.75116E+01  1.76274E-02
  2.78106E+01  1.79112E-02
  2.81097E+01  1.78909E-02
  2.84087E+01  1.76660E-02
  2.87078E+01  1.80368E-02
  2.90068E+01  1.76772E-02
  2.93058E+01  1.78625E-02
  2.96049E+01  1.79016E-02
  2.99039E+01  1.76415E-02
  3.02030E+01  1.79910E-02
  3.05020E+01  1.76233E-02
  3.08010E+01  1.78485E-02
  3.11001E+01  1.77831E-02
  3.13991E+01  1.76459E-02
  3.16981E+01  1.78233E-02
  3.19972E+01  1.76597E-02
  3.22962E+01  1.76562E-02
  3.25953E+01  1.77391E-02
  3.28943E+01  1.75610E-02
  3.31933E+01  1.76902E-02
  3.34924E+01  1.75359E-02
  3.37914E+01  1.76117E-02
  3.40905E+01  1.75251E-02
  3.43895E+01  1.75024E-02
  3.46885E+01  1.75213E-02
  3.49876E+01  1.73945E-02
  3.52866E+01  1.74731E-02
  3.55857E+01  1.73454E-02
  3.58847E+01  1.73311E-02
  3.61837E+01  1.73667E-02
  3.64828E+01  1.71306E-02
  3.67818E+01  1.73537E-02
  3.70809E+01  1.70368E-02
  3.73799E+01  1.71721E-02
  3.76789E+01  1.70614E-02
  3.79780E+01  1.69500E-02
  3.82770E+01  1.70143E-02
  3.85760E+01  1.68611E-02
  3.88751E+01  1.68283E-02
  3.91741E+01  1.68389E-02
  3.94732E+01  1.66630E-02
  3.97722E+01  1.67358E-02
  4.00712E+01  1.65805E-02
  4.03703E+01  1.65888E-02
  4.06693E+01  1.65033E-02
  4.09684E+01  1.64594E-02
  4.12674E+01  1.64041E-02
  4.15664E+01  1.63383E-02
  4.18655E+01  1.63167E-02
  4.21645E+01  1.61930E-02
  4.24636E+01  1.62367E-02
  4.27626E+01  1.60861E-02
  4.30616E+01  1.60534E-02
  4.33607E+01  1.61167E-02
  4.36597E+01  1.57912E-02
  4.39588E+01  1.60636E-02
  4.42578E+01  1.57652E-02
  4.45568E+01  1.57510E-02
  4.48559E+01  1.58725E-02
  4.51549E+01  1.54921E-02
  4.54539E+01  1.57862E-02
  4.57530E+01  1.54645E-02
  4.60520E+01  1.55185E-02
  4.63511E+01  1.55335E-02
  4.66501E+01  1.52656E-02
  4.69491E+01  1.54782E-02
  4.72482E+01  1.52003E-02
  4.75472E+01  1.52779E-02
  4.78463E+01  1.51878E-02
  4.81453E+01  1.51015E-02
  4.84443E+01  1.51362E-02
  4.87434E+01  1.49597E-02
  4.90424E+01  1.50536E-02
  4.93415E+01  1.48498E-02
  4.96405E+01  1.49311E-02
  4.99395E+01  1.48037E-02
  5.02386E+01  1.47321E-02
  5.05376E+01  1.47927E-02
  5.08367E+01  1.45747E-02
  5.11357E+01  1.46700E-02
  5.14347E+01  1.45451E-02
  5.17338E+01  1.44644E-02
  5.20328E+01  1.45161E-02
  5.23318E+01  1.43310E-02
  5.26309E+01  1.43804E-02
  5.29299E+01  1.43067E-02
  5.32290E+01  1.41731E-02
  5.35280E+01  1.42728E-02
  5.38270E+01  1.40763E-02
  5.41261E+01  1.40738E-02
  5.44251E+01  1.41129E-02
  5.47242E+01  1.38616E-02
  5.50232E+01  1.40207E-02
  5.53222E+01  1.38572E-02
  5.56213E+01  1.37808E-02
  5.59203E+01  1.38639E-02
  5.62194E+01  1.36359E-02
  5.65184E+01  1.37497E-02
  5.68174E+01  1.36012E-02
  5.71165E+01  1.35717E-02
  5.74155E+01  1.35649E-02
  5.77146E+01  1.34453E-02
  5.80136E+01  1.34695E-02
  5.83126E+01  1.33594E-02
  5.86117E+01  1.33512E-02
  5.89107E+01  1.32913E-02
  5.92097E+01  1.32071E-02
  5.95088E+01  1.32389E-02
  5.98078E+01  1.30966E-02
  6.01069E+01  1.30948E-02
  6.04059E+01  1.30788E-02
  6.07049E+01  1.29052E-02
  6.10040E+01  1.30484E-02
  6.13030E+01  1.27837E-02
  6.16021E+01  1.28818E-02
  6.19011E+01  1.28155E-02
  6.22001E+01  1.26268E-02
  6.24992E+01  1.28088E-02
  6.27982E+01  1.25050E-02
  6.30973E+01  1.26214E-02
  6.33963E+01  1.25261E-02
  6.36953E+01  1.23683E-02
  6.39944E+01  1.25063E-02
  6.42934E+01  1.22318E-02
  6.45925E+01  1.23259E-02
  6.48915E+01  1.22183E-02
  6.51905E+01  1.21066E-02
  6.54896E+01  1.21338E-02
  6.57886E+01  1.20003E-02
  6.60876E+01  1.19521E-02
  6.63867E+01  1.19056E-02
  6.66857E+01  1.18166E-02
  6.69848E+01  1.17433E-02
  6.72838E+01  1.16916E-02
  6.75828E+01  1.16158E-02
  6.78819E+01  1.15016E-02
  6.81809E+01  1.15110E-02
  6.84800E+01  1.13453E-02
  6.87790E+01  1.13140E-02
  6.90780E+01  1.12666E-02
  6.93771E+01  1.10915E-02
  6.96761E+01  1.11156E-02
  6.99752E+01  1.09969E-02
  7.02742E+01  1.08384E-02
  7.05732E+01  1.09308E-02
  7.08723E+01  1.06166E-02
  7.11713E+01  1.07469E-02
  7.14704E+01  1.05174E-02
  7.17694E+01  1.04578E-02
  7.20684E+01  1.04457E-02
  7.23675E+01  1.02173E-02
  7.26665E+01  1.02546E-02
  7.29655E+01  1.00996E-02
  7.32646E+01  9.98686E-03
  7.35636E+01  9.97292E-03
  7.38627E+01  9.75788E-03
  7.41617E+01  9.81574E-03
  7.44607E+01  9.55107E-03
  7.47598E+01  9.59682E-03
  7.50588E+01  9.41589E-03
  7.53579E+01  9.31499E-03
  7.56569E+01  9.30708E-03
  7.59559E+01  9.04311E-03
  7.62550E+01  9.12164E-03
  7.65540E+01  8.87378E-03
  7.68531E+01  8.83327E-03
  7.71521E+01  8.76464E-03
  7.74511E+01  8.53098E-03
  7.77502E+01  8.58369E-03
  7.80492E+01  8.34600E-03
  7.83483E+01  8.26955E-03
  7.86473E+01  8.23714E-03
  7.89463E+01  7.95029E-03
  7.92454E+01  8.02432E-03
  7.95444E+01  7.78253E-03
  7.98434E+01  7.66882E-03
  8.01425E+01  7.66162E-03
  8.04415E+01  7.36833E-03
  8.07406E+01  7.41309E-03
  8.10396E+01  7.18722E-03
  8.13386E+01  7.09808E-03
  8.16377E+01  7.00986E-03
  8.19367E+01  6.81503E-03
  8.22358E+01  6.78936E-03
  8.25348E+01  6.56721E-03
  8.28338E+01  6.54817E-03
  8.31329E+01  6.32776E-03
  8.34319E+01  6.29676E-03
  8.37310E+01  6.12091E-03
  8.40300E+01  5.99010E-03
  8.43290E+01  5.95539E-03
  8.46281E+01  5.71116E-03
  8.49271E+01  5.69498E-03
  8.52262E+01  5.54037E-03
  8.55252E+01  5.37763E-03
  8.58242E+01  5.36537E-03
  8.61233E+01  5.11767E-03
  8.64223E+01  5.11795E-03
  8.67213E+01  4.92271E-03
  8.70204E+01  4.84648E-03
  8.73194E+01  4.71638E-03
  8.76185E+01  4.63089E-03
  8.79175E+01  4.45646E-03
  8.82165E+01  4.45749E-03
  8.85156E+01  4.21423E-03
  8.88146E+01  4.22711E-03
  8.91137E+01  4.07608E-03
  8.94127E+01  3.93517E-03
  8.97117E+01  3.93691E-03
  9.00108E+01  3.73730E-03
  9.03098E+01  3.69866E-03
  9.06089E+01  3.60542E-03
  9.09079E+01  3.47512E-03
  9.12069E+01  3.42796E-03
  9.15060E+01  3.29530E-03
  9.18050E+01  3.24643E-03
  9.21041E+01  3.10258E-03
  9.24031E+01  3.07407E-03
  9.27021E+01  2.93782E-03
  9.30012E+01  2.84812E-03
  9.33002E+01  2.82649E-03
  9.35992E+01  2.61699E-03
  9.38983E+01  2.66376E-03
  9.41973E+01  2.49028E-03
  9.44964E+01  2.40002E-03
  9.47954E+01  2.42384E-03
  9.50944E+01  2.16983E-03
  9.53935E+01  2.25625E-03
  9.56925E+01  2.08426E-03
  9.59916E+01  1.99486E-03
  9.62906E+01  2.01927E-03
  9.65896E+01  1.82588E-03
  9.68887E+01  1.83044E-03
  9.71877E+01  1.78566E-03
  9.74868E+01  1.60243E-03
  9.77858E+01  1.71522E-03
  9.80848E+01  1.49188E-03
  9.83839E+01  1.53319E-03
  9.86829E+01  1.46421E-03
  9.89820E+01  1.35594E-03
  9.92810E+01  1.38292E-03
  9.95800E+01  1.27123E-03
  9.98791E+01  1.22997E-03
  1.00178E+02  1.22986E-03
  1.00477E+02  1.09449E-03
  1.00776E+02  1.13903E-03
  1.01075E+02  1.02072E-03
  1.01374E+02  1.03101E-03
  1.01673E+02  9.43055E-04
  1.01972E+02  9.45174E-04
  1.02271E+02  8.69088E-04
  1.02570E+02  8.56867E-04
  1.02869E+02  8.15701E-04
  1.03168E+02  7.76067E-04
  1.03468E+02  7.45211E-04
  1.03767E+02  7.40714E-04
  1.04066E+02  6.53062E-04
