@page size 600,600
@view 0.12,0.1,0.97,0.93
@subtitle "PHOENIX module phox, 10/30/16 at 15:29:20 -07:00"
@xaxes scale Normal
@yaxes scale Normal
@xaxis label "energy (meV)"
@yaxis label "normalized data (1/eV)"
@s0 errorbar size 0.0
@type xydy
 -1.02200E+02 -5.01152E-03  1.00230E-02
 -1.01901E+02 -5.01152E-03  1.00230E-02
 -1.01602E+02 -5.01152E-03  1.00230E-02
 -1.01303E+02 -5.01152E-03  1.00230E-02
 -1.01004E+02 -5.01163E-03  1.00230E-02
 -1.00705E+02 -5.01486E-03  1.00230E-02
 -1.00406E+02 -4.15073E-03  1.00288E-02
 -1.00107E+02  1.96690E-02  1.57245E-02
 -9.98078E+01  2.04898E-02  1.59851E-02
 -9.95087E+01 -4.99887E-03  1.00269E-02
 -9.92097E+01 -4.51573E-03  1.00230E-02
 -9.89106E+01  1.07791E-03  1.00230E-02
 -9.86116E+01  5.14613E-03  1.00901E-02
 -9.83126E+01 -5.00608E-03  1.00231E-02
 -9.80135E+01  5.66378E-03  1.03470E-02
 -9.77145E+01  4.30335E-03  1.00233E-02
 -9.74155E+01  4.01606E-03  1.00230E-02
 -9.71164E+01 -4.76445E-03  1.00230E-02
 -9.68174E+01  6.16193E-04  1.00230E-02
 -9.65183E+01  1.36225E-02  1.36665E-02
 -9.62193E+01  5.14207E-03  1.00870E-02
 -9.59203E+01  6.03682E-03  1.05230E-02
 -9.56212E+01 -5.00627E-03  1.00233E-02
 -9.53222E+01 -5.01336E-03  1.00230E-02
 -9.50231E+01 -5.01152E-03  1.00230E-02
 -9.47241E+01 -5.01166E-03  1.00230E-02
 -9.44251E+01 -4.21483E-03  1.00230E-02
 -9.41260E+01  2.84790E-03  1.00230E-02
 -9.38270E+01 -5.71419E-04  1.00230E-02
 -9.35279E+01  3.32337E-03  1.00230E-02
 -9.32289E+01 -4.78854E-03  1.00230E-02
 -9.29299E+01 -5.01265E-03  1.00230E-02
 -9.26308E+01 -5.01180E-03  1.00230E-02
 -9.23318E+01 -2.95120E-03  1.00230E-02
 -9.20327E+01  4.70125E-03  1.00230E-02
 -9.17337E+01  3.29112E-03  1.00230E-02
 -9.14347E+01 -5.00643E-03  1.00230E-02
 -9.11356E+01 -5.01282E-03  1.00230E-02
 -9.08366E+01 -3.02195E-03  1.00230E-02
 -9.05376E+01  1.97438E-03  1.00230E-02
 -9.02385E+01 -3.21085E-03  1.00230E-02
 -8.99395E+01  3.24104E-03  1.00230E-02
 -8.96404E+01 -3.21667E-03  1.00230E-02
 -8.93414E+01 -5.01139E-03  1.00230E-02
 -8.90424E+01 -5.01178E-03  1.00230E-02
 -8.87433E+01 -5.01152E-03  1.00230E-02
 -8.84443E+01 -5.01152E-03  1.00230E-02
 -8.81452E+01 -5.01152E-03  1.00230E-02
 -8.78462E+01 -5.01152E-03  1.00230E-02
 -8.75472E+01 -5.01152E-03  1.00230E-02
 -8.72481E+01 -5.01163E-03  1.00230E-02
 -8.69491E+01 -4.05753E-03  1.00230E-02
 -8.66500E+01  6.23788E-03  1.06202E-02
 -8.63510E+01 -3.10890E-03  1.00235E-02
 -8.60520E+01  2.21304E-03  1.00230E-02
 -8.57529E+01 -5.00728E-03  1.00230E-02
 -8.54539E+01 -5.01278E-03  1.00230E-02
 -8.51548E+01 -5.01152E-03  1.00230E-02
 -8.48558E+01 -5.01152E-03  1.00230E-02
 -8.45568E+01 -5.01152E-03  1.00230E-02
 -8.42577E+01 -5.01152E-03  1.00230E-02
 -8.39587E+01 -5.01193E-03  1.00230E-02
 -8.36597E+01 -2.66607E-03  1.00230E-02
 -8.33606E+01  1.28420E-03  1.00230E-02
 -8.30616E+01 -3.27334E-03  1.00230E-02
 -8.27625E+01  1.49110E-02  1.41324E-02
 -8.24635E+01  9.19373E-03  1.19307E-02
 -8.21645E+01  6.18649E-03  1.05942E-02
 -8.18654E+01 -1.57690E-04  1.00233E-02
 -8.15664E+01  6.94577E-03  1.09495E-02
 -8.12673E+01  6.29044E-03  1.06426E-02
 -8.09683E+01  1.96908E-03  1.00235E-02
 -8.06693E+01 -5.00792E-03  1.00230E-02
 -8.03702E+01 -5.01252E-03  1.00230E-02
 -8.00712E+01 -3.64039E-03  1.00230E-02
 -7.97721E+01  5.86546E-03  1.04436E-02
 -7.94731E+01  7.80888E-03  1.13347E-02
 -7.91741E+01 -5.00326E-03  1.00239E-02
 -7.88750E+01 -4.66848E-03  1.00230E-02
 -7.85760E+01  6.82692E-03  1.08959E-02
 -7.82769E+01  5.26238E-03  1.01462E-02
 -7.79779E+01 -4.43577E-03  1.00231E-02
 -7.76789E+01  8.12034E-03  1.14758E-02
 -7.73798E+01  6.59238E-03  1.07833E-02
 -7.70808E+01 -1.70255E-03  1.00236E-02
 -7.67818E+01  5.07126E-03  1.00557E-02
 -7.64827E+01  8.90790E-03  1.18113E-02
 -7.61837E+01  8.98280E-03  1.18421E-02
 -7.58846E+01 -5.00418E-03  1.00241E-02
 -7.55856E+01 -5.01408E-03  1.00230E-02
 -7.52866E+01 -4.90592E-03  1.00230E-02
 -7.49875E+01 -1.66807E-03  1.00230E-02
 -7.46885E+01  7.12543E-03  1.10308E-02
 -7.43894E+01  1.21132E-03  1.00236E-02
 -7.40904E+01 -5.01169E-03  1.00230E-02
 -7.37914E+01  1.48830E-02  1.41235E-02
 -7.34923E+01  1.46978E-02  1.40537E-02
 -7.31933E+01  3.66557E-04  1.00263E-02
 -7.28942E+01  8.98859E-04  1.00230E-02
 -7.25952E+01  4.33272E-03  1.00230E-02
 -7.22962E+01  8.12448E-03  1.14735E-02
 -7.19971E+01 -4.93958E-03  1.00238E-02
 -7.16981E+01 -2.33044E-03  1.00230E-02
 -7.13990E+01  1.59481E-03  1.00230E-02
 -7.11000E+01 -5.00825E-03  1.00230E-02
 -7.08010E+01 -4.62374E-03  1.00230E-02
 -7.05019E+01  6.12643E-03  1.05687E-02
 -7.02029E+01  1.58892E-02  1.44724E-02
 -6.99039E+01  5.97549E-03  1.04938E-02
 -6.96048E+01  1.36514E-02  1.36771E-02
 -6.93058E+01  6.99688E-03  1.09698E-02
 -6.90067E+01  2.42088E-04  1.00236E-02
 -6.87077E+01 -5.00893E-03  1.00230E-02
 -6.84087E+01 -5.01259E-03  1.00230E-02
 -6.81096E+01 -3.06015E-03  1.00230E-02
 -6.78106E+01  4.17285E-03  1.00230E-02
 -6.75115E+01  1.19473E-03  1.00230E-02
 -6.72125E+01  2.00560E-03  1.00230E-02
 -6.69135E+01  1.27941E-02  1.33588E-02
 -6.66144E+01 -3.14090E-03  1.00249E-02
 -6.63154E+01  8.03944E-04  1.00230E-02
 -6.60163E+01  7.95284E-03  1.13994E-02
 -6.57173E+01 -1.18825E-03  1.00237E-02
 -6.54183E+01  1.37756E-03  1.00230E-02
 -6.51192E+01  1.22766E-02  1.31641E-02
 -6.48202E+01  1.12480E-02  1.27645E-02
 -6.45211E+01  7.15300E-04  1.00248E-02
 -6.42221E+01  7.54288E-03  1.12189E-02
 -6.39231E+01  6.94955E-03  1.09485E-02
 -6.36240E+01  3.76219E-03  1.00235E-02
 -6.33250E+01  8.82242E-03  1.17754E-02
 -6.30260E+01  1.43773E-03  1.00241E-02
 -6.27269E+01 -6.84609E-04  1.00230E-02
 -6.24279E+01  5.33088E-03  1.01844E-02
 -6.21288E+01  1.63072E-02  1.46182E-02
 -6.18298E+01  3.27278E-02  1.94476E-02
 -6.15308E+01  1.38328E-02  1.37427E-02
 -6.12317E+01  2.01586E-02  1.58842E-02
 -6.09327E+01  2.52217E-02  1.74065E-02
 -6.06336E+01  6.79288E-03  1.08770E-02
 -6.03346E+01  6.04863E-03  1.05303E-02
 -6.00356E+01  1.78637E-02  1.51414E-02
 -5.97365E+01  5.46803E-03  1.02486E-02
 -5.94375E+01  1.53894E-02  1.43012E-02
 -5.91384E+01  2.98109E-02  1.86816E-02
 -5.88394E+01  2.17799E-02  1.63863E-02
 -5.85404E+01  1.66316E-02  1.47292E-02
 -5.82413E+01  2.16072E-02  1.63336E-02
 -5.79423E+01  5.47905E-03  1.02543E-02
 -5.76432E+01  1.25966E-02  1.32870E-02
 -5.73442E+01  3.65745E-02  2.04153E-02
 -5.70452E+01  1.33054E-02  1.35481E-02
 -5.67461E+01  1.15364E-02  1.28819E-02
 -5.64471E+01  5.27094E-02  2.40522E-02
 -5.61481E+01  3.33612E-02  1.96095E-02
 -5.58490E+01  2.07176E-02  1.60593E-02
 -5.55500E+01  1.53836E-02  1.42979E-02
 -5.52509E+01  8.88045E-03  1.18024E-02
 -5.49519E+01  4.68348E-02  2.27964E-02
 -5.46529E+01  5.10412E-02  2.37015E-02
 -5.43538E+01  5.20786E-02  2.39202E-02
 -5.40548E+01  2.27915E-02  1.66928E-02
 -5.37557E+01  1.20102E-02  1.30642E-02
 -5.34567E+01  2.91271E-02  1.84985E-02
 -5.31577E+01  3.93914E-02  2.10952E-02
 -5.28586E+01  2.89216E-02  1.84420E-02
 -5.25596E+01  3.47604E-02  1.99662E-02
 -5.22605E+01  3.33177E-02  1.95996E-02
 -5.19615E+01  1.56872E-02  1.44038E-02
 -5.16625E+01  1.88562E-02  1.54681E-02
 -5.13634E+01  2.32149E-02  1.68198E-02
 -5.10644E+01  1.99529E-02  1.58203E-02
 -5.07653E+01  5.99812E-02  2.55229E-02
 -5.04663E+01  5.45426E-02  2.44306E-02
 -5.01673E+01  3.99800E-02  2.12352E-02
 -4.98682E+01  2.30428E-02  1.67699E-02
 -4.95692E+01  4.13094E-02  2.15482E-02
 -4.92702E+01  5.14236E-02  2.37829E-02
 -4.89711E+01  5.24824E-02  2.40053E-02
 -4.86721E+01  5.45420E-02  2.44317E-02
 -4.83730E+01  5.72778E-02  2.49857E-02
 -4.80740E+01  2.79805E-02  1.81844E-02
 -4.77750E+01  2.36963E-02  1.69649E-02
 -4.74759E+01  3.96598E-02  2.11606E-02
 -4.71769E+01  6.02283E-02  2.55706E-02
 -4.68778E+01  4.82900E-02  2.31125E-02
 -4.65788E+01  2.76174E-02  1.80846E-02
 -4.62798E+01  2.57717E-02  1.75673E-02
 -4.59807E+01  5.08086E-02  2.36535E-02
 -4.56817E+01  5.08535E-02  2.36622E-02
 -4.53826E+01  5.42086E-02  2.43630E-02
 -4.50836E+01  4.79920E-02  2.30492E-02
 -4.47846E+01  6.19215E-02  2.59015E-02
 -4.44855E+01  6.45984E-02  2.64136E-02
 -4.41865E+01  5.92497E-02  2.53796E-02
 -4.38874E+01  8.07750E-02  2.93230E-02
 -4.35884E+01  7.47320E-02  2.82712E-02
 -4.32894E+01  8.49747E-02  3.00329E-02
 -4.29903E+01  1.03879E-01  3.30364E-02
 -4.26913E+01  1.06881E-01  3.34870E-02
 -4.23923E+01  5.28546E-02  2.40824E-02
 -4.20932E+01  3.23001E-02  1.93413E-02
 -4.17942E+01  7.68384E-02  2.86435E-02
 -4.14951E+01  9.49483E-02  3.16523E-02
 -4.11961E+01  1.15360E-01  3.47344E-02
 -4.08971E+01  1.26460E-01  3.62999E-02
 -4.05980E+01  1.05676E-01  3.33081E-02
 -4.02990E+01  1.21320E-01  3.55835E-02
 -3.99999E+01  7.98423E-02  2.91626E-02
 -3.97009E+01  7.08095E-02  2.75685E-02
 -3.94019E+01  9.47266E-02  3.16179E-02
 -3.91028E+01  9.57916E-02  3.17865E-02
 -3.88038E+01  1.44616E-01  3.87266E-02
 -3.85047E+01  1.62107E-01  4.09272E-02
 -3.82057E+01  2.07477E-01  4.61500E-02
 -3.79067E+01  2.65363E-01  5.20587E-02
 -3.76076E+01  3.98578E-01  6.36023E-02
 -3.73086E+01  5.09963E-01  7.18434E-02
 -3.70095E+01  5.65153E-01  7.55968E-02
 -3.67105E+01  7.53000E-01  8.71647E-02
 -3.64115E+01  9.17245E-01  9.61445E-02
 -3.61124E+01  1.07214E+00  1.03905E-01
 -3.58134E+01  1.16841E+00  1.08449E-01
 -3.55144E+01  1.22927E+00  1.11224E-01
 -3.52153E+01  1.02361E+00  1.01537E-01
 -3.49163E+01  1.00641E+00  1.00687E-01
 -3.46172E+01  1.07069E+00  1.03834E-01
 -3.43182E+01  8.85304E-01  9.44644E-02
 -3.40192E+01  8.06066E-01  9.01656E-02
 -3.37201E+01  8.72596E-01  9.37879E-02
 -3.34211E+01  6.89818E-01  8.34515E-02
 -3.31220E+01  6.73255E-01  8.24528E-02
 -3.28230E+01  6.22237E-01  7.92905E-02
 -3.25240E+01  6.50762E-01  8.10744E-02
 -3.22249E+01  7.35018E-01  8.61240E-02
 -3.19259E+01  7.66983E-01  8.79635E-02
 -3.16268E+01  7.66678E-01  8.79478E-02
 -3.13278E+01  8.98826E-01  9.51795E-02
 -3.10288E+01  8.38672E-01  9.19572E-02
 -3.07297E+01  8.78126E-01  9.40848E-02
 -3.04307E+01  9.98953E-01  1.00314E-01
 -3.01316E+01  1.08931E+00  1.04729E-01
 -2.98326E+01  1.11435E+00  1.05921E-01
 -2.95336E+01  1.13230E+00  1.06767E-01
 -2.92345E+01  1.06843E+00  1.03727E-01
 -2.89355E+01  1.11770E+00  1.06081E-01
 -2.86365E+01  1.35105E+00  1.16585E-01
 -2.83374E+01  1.54459E+00  1.24625E-01
 -2.80384E+01  1.53340E+00  1.24174E-01
 -2.77393E+01  1.42181E+00  1.19587E-01
 -2.74403E+01  1.33568E+00  1.15923E-01
 -2.71413E+01  1.56868E+00  1.25593E-01
 -2.68422E+01  1.69952E+00  1.30707E-01
 -2.65432E+01  1.65377E+00  1.28942E-01
 -2.62441E+01  1.86549E+00  1.36923E-01
 -2.59451E+01  1.75088E+00  1.32661E-01
 -2.56461E+01  1.56393E+00  1.25402E-01
 -2.53470E+01  1.57090E+00  1.25681E-01
 -2.50480E+01  1.70023E+00  1.30736E-01
 -2.47489E+01  1.74112E+00  1.32293E-01
 -2.44499E+01  1.72218E+00  1.31574E-01
 -2.41509E+01  1.84725E+00  1.36255E-01
 -2.38518E+01  1.94658E+00  1.39861E-01
 -2.35528E+01  2.32143E+00  1.52702E-01
 -2.32537E+01  2.46024E+00  1.57189E-01
 -2.29547E+01  2.23314E+00  1.49776E-01
 -2.26557E+01  2.18199E+00  1.48057E-01
 -2.23566E+01  2.28086E+00  1.51365E-01
 -2.20576E+01  2.32252E+00  1.52738E-01
 -2.17586E+01  2.38040E+00  1.54626E-01
 -2.14595E+01  2.47661E+00  1.57712E-01
 -2.11605E+01  2.30992E+00  1.52323E-01
 -2.08614E+01  2.29387E+00  1.51796E-01
 -2.05624E+01  2.45022E+00  1.56872E-01
 -2.02634E+01  2.36966E+00  1.54276E-01
 -1.99643E+01  2.32535E+00  1.52831E-01
 -1.96653E+01  2.22549E+00  1.49522E-01
 -1.93662E+01  2.33902E+00  1.53279E-01
 -1.90672E+01  2.34957E+00  1.53622E-01
 -1.87682E+01  1.98993E+00  1.41405E-01
 -1.84691E+01  1.97198E+00  1.40770E-01
 -1.81701E+01  2.07517E+00  1.44394E-01
 -1.78710E+01  2.04340E+00  1.43287E-01
 -1.75720E+01  2.05007E+00  1.43520E-01
 -1.72730E+01  1.91870E+00  1.38857E-01
 -1.69739E+01  1.81737E+00  1.35152E-01
 -1.66749E+01  1.92744E+00  1.39173E-01
 -1.63758E+01  1.84769E+00  1.36270E-01
 -1.60768E+01  1.89622E+00  1.38044E-01
 -1.57778E+01  1.90694E+00  1.38431E-01
 -1.54787E+01  1.73950E+00  1.32232E-01
 -1.51797E+01  1.83584E+00  1.35835E-01
 -1.48807E+01  1.94694E+00  1.39872E-01
 -1.45816E+01  1.84008E+00  1.35989E-01
 -1.42826E+01  1.64268E+00  1.28511E-01
 -1.39835E+01  1.69524E+00  1.30545E-01
 -1.36845E+01  1.73519E+00  1.32069E-01
 -1.33855E+01  1.78987E+00  1.34127E-01
 -1.30864E+01  1.75982E+00  1.32999E-01
 -1.27874E+01  1.55862E+00  1.25189E-01
 -1.24883E+01  1.55173E+00  1.24915E-01
 -1.21893E+01  1.76018E+00  1.33013E-01
 -1.18903E+01  1.79566E+00  1.34342E-01
 -1.15912E+01  1.69862E+00  1.30673E-01
 -1.12922E+01  1.69794E+00  1.30648E-01
 -1.09931E+01  1.70206E+00  1.30806E-01
 -1.06941E+01  1.80263E+00  1.36528E-01
 -1.03951E+01  1.80571E+00  1.36753E-01
 -1.00960E+01  1.80716E+00  1.36930E-01
 -9.79698E+00  1.76208E+00  1.35407E-01
 -9.49795E+00  1.82769E+00  1.37960E-01
 -9.19891E+00  1.70474E+00  1.33586E-01
 -8.89987E+00  1.66733E+00  1.32363E-01
 -8.60083E+00  1.95318E+00  1.42964E-01
 -8.30179E+00  1.78325E+00  1.37097E-01
 -8.00275E+00  1.67508E+00  1.33340E-01
 -7.70371E+00  1.79928E+00  1.38202E-01
 -7.40467E+00  1.91310E+00  1.42565E-01
 -7.10563E+00  1.76221E+00  1.37508E-01
 -6.80659E+00  1.73163E+00  1.36791E-01
 -6.50755E+00  2.01988E+00  1.47394E-01
 -6.20852E+00  2.02031E+00  1.47892E-01
 -5.90948E+00  1.76303E+00  1.39500E-01
 -5.61044E+00  1.99307E+00  1.48189E-01
 -5.31140E+00  2.09705E+00  1.52411E-01
 -5.01236E+00  1.90976E+00  1.47050E-01
 -4.71332E+00  2.14552E+00  1.55923E-01
 -4.41428E+00  2.01561E+00  1.52989E-01
 -4.11524E+00  2.00620E+00  1.54273E-01
 -3.81620E+00  2.17409E+00  1.61537E-01
 -3.51716E+00  1.93674E+00  1.56517E-01
 -3.21812E+00  1.90242E+00  1.58674E-01
 -2.91908E+00  2.01351E+00  1.68040E-01
 -2.62005E+00  2.04263E+00  1.73538E-01
 -2.32101E+00  2.07075E+00  1.78873E-01
 -2.02197E+00  2.09132E+00  1.98986E-01
 -1.72293E+00  2.06575E+00  2.16057E-01
 -1.42389E+00  1.96962E+00  2.44943E-01
 -1.12485E+00  1.94404E+00  3.10115E-01
 -8.25811E-01  2.12511E+00  4.56879E-01
 -5.26772E-01  2.26063E+00  7.14113E-01
 -2.27733E-01  2.14493E+00  9.17213E-01
  7.13064E-02  2.11878E+00  9.54985E-01
  3.70346E-01  2.36432E+00  7.89892E-01
  6.69385E-01  2.41575E+00  5.25347E-01
  9.68424E-01  2.13072E+00  3.37615E-01
  1.26746E+00  1.94094E+00  2.66161E-01
  1.56650E+00  1.99914E+00  2.20209E-01
  1.86554E+00  2.11908E+00  1.98586E-01
  2.16458E+00  2.21529E+00  1.91695E-01
  2.46362E+00  2.28990E+00  1.81524E-01
  2.76266E+00  2.32640E+00  1.80869E-01
  3.06170E+00  2.31869E+00  1.75040E-01
  3.36074E+00  2.14401E+00  1.63411E-01
  3.65978E+00  2.02976E+00  1.57260E-01
  3.95882E+00  2.15799E+00  1.59291E-01
  4.25785E+00  2.36276E+00  1.64063E-01
  4.55689E+00  2.31146E+00  1.61222E-01
  4.85593E+00  2.21391E+00  1.57100E-01
  5.15497E+00  2.25479E+00  1.57519E-01
  5.45401E+00  2.23619E+00  1.56184E-01
  5.75305E+00  2.29359E+00  1.57390E-01
  6.05209E+00  2.33716E+00  1.58240E-01
  6.35113E+00  2.22942E+00  1.54323E-01
  6.65017E+00  2.31395E+00  1.56645E-01
  6.94921E+00  2.39760E+00  1.58954E-01
  7.24825E+00  2.57645E+00  1.64203E-01
  7.54728E+00  2.60481E+00  1.64808E-01
  7.84632E+00  2.60460E+00  1.64574E-01
  8.14536E+00  2.64771E+00  1.65678E-01
  8.44440E+00  2.47348E+00  1.60134E-01
  8.74344E+00  2.38923E+00  1.57304E-01
  9.04248E+00  2.29586E+00  1.54143E-01
  9.34152E+00  2.27321E+00  1.53262E-01
  9.64056E+00  2.59766E+00  1.63404E-01
  9.93960E+00  2.54804E+00  1.61761E-01
  1.02386E+01  2.64606E+00  1.64670E-01
  1.05377E+01  2.84649E+00  1.69058E-01
  1.08367E+01  2.80194E+00  1.67732E-01
  1.11358E+01  2.70548E+00  1.64826E-01
  1.14348E+01  2.74298E+00  1.65962E-01
  1.17338E+01  2.93631E+00  1.71699E-01
  1.20329E+01  2.79834E+00  1.67624E-01
  1.23319E+01  2.65121E+00  1.63167E-01
  1.26309E+01  2.67441E+00  1.63879E-01
  1.29300E+01  2.80181E+00  1.67729E-01
  1.32290E+01  2.88786E+00  1.70280E-01
  1.35281E+01  2.88729E+00  1.70264E-01
  1.38271E+01  3.24794E+00  1.80567E-01
  1.41261E+01  3.10723E+00  1.76616E-01
  1.44252E+01  2.98889E+00  1.73229E-01
  1.47242E+01  3.20108E+00  1.79262E-01
  1.50233E+01  3.19135E+00  1.78989E-01
  1.53223E+01  3.26884E+00  1.81146E-01
  1.56213E+01  3.17643E+00  1.78572E-01
  1.59204E+01  3.43010E+00  1.85554E-01
  1.62194E+01  3.47781E+00  1.86837E-01
  1.65185E+01  3.44152E+00  1.85863E-01
  1.68175E+01  3.65064E+00  1.91418E-01
  1.71165E+01  3.75061E+00  1.94016E-01
  1.74156E+01  3.54578E+00  1.88653E-01
  1.77146E+01  3.93149E+00  1.98636E-01
  1.80137E+01  4.18060E+00  2.04822E-01
  1.83127E+01  4.12123E+00  2.03365E-01
  1.86117E+01  4.28460E+00  2.07355E-01
  1.89108E+01  4.88011E+00  2.21279E-01
  1.92098E+01  5.54684E+00  2.35894E-01
  1.95088E+01  5.51679E+00  2.35252E-01
  1.98079E+01  5.06294E+00  2.25380E-01
  2.01069E+01  4.96476E+00  2.23188E-01
  2.04060E+01  5.56757E+00  2.36335E-01
  2.07050E+01  5.72750E+00  2.39701E-01
  2.10040E+01  5.55891E+00  2.36151E-01
  2.13031E+01  5.58362E+00  2.36675E-01
  2.16021E+01  5.53065E+00  2.35551E-01
  2.19012E+01  5.61783E+00  2.37399E-01
  2.22002E+01  5.90742E+00  2.43434E-01
  2.24992E+01  5.66432E+00  2.38376E-01
  2.27983E+01  5.52447E+00  2.35420E-01
  2.30973E+01  5.75133E+00  2.40200E-01
  2.33964E+01  5.65903E+00  2.38264E-01
  2.36954E+01  5.18760E+00  2.28135E-01
  2.39944E+01  4.91385E+00  2.22041E-01
  2.42935E+01  4.61831E+00  2.15267E-01
  2.45925E+01  4.34041E+00  2.08698E-01
  2.48916E+01  4.40073E+00  2.10141E-01
  2.51906E+01  4.39684E+00  2.10047E-01
  2.54896E+01  4.37749E+00  2.09585E-01
  2.57887E+01  4.40150E+00  2.10159E-01
  2.60877E+01  4.65121E+00  2.16031E-01
  2.63867E+01  4.68415E+00  2.16792E-01
  2.66858E+01  4.42522E+00  2.10723E-01
  2.69848E+01  4.40522E+00  2.10248E-01
  2.72839E+01  4.54232E+00  2.13490E-01
  2.75829E+01  4.30816E+00  2.07920E-01
  2.78819E+01  4.24244E+00  2.06332E-01
  2.81810E+01  4.34655E+00  2.08844E-01
  2.84800E+01  4.14620E+00  2.03979E-01
  2.87791E+01  3.78652E+00  1.94943E-01
  2.90781E+01  3.67637E+00  1.92091E-01
  2.93771E+01  3.68613E+00  1.92344E-01
  2.96762E+01  3.50474E+00  1.87558E-01
  2.99752E+01  3.20962E+00  1.79500E-01
  3.02743E+01  2.96490E+00  1.72534E-01
  3.05733E+01  2.95881E+00  1.72357E-01
  3.08723E+01  3.02822E+00  1.74362E-01
  3.11714E+01  2.93038E+00  1.71527E-01
  3.14704E+01  2.93899E+00  1.71778E-01
  3.17695E+01  2.76128E+00  1.66512E-01
  3.20685E+01  2.53891E+00  1.59681E-01
  3.23675E+01  2.47039E+00  1.57517E-01
  3.26666E+01  2.67945E+00  1.64032E-01
  3.29656E+01  2.66142E+00  1.63479E-01
  3.32646E+01  2.57177E+00  1.60710E-01
  3.35637E+01  2.81377E+00  1.68087E-01
  3.38627E+01  3.03007E+00  1.74415E-01
  3.41618E+01  3.07921E+00  1.75822E-01
  3.44608E+01  3.26819E+00  1.81129E-01
  3.47598E+01  3.61056E+00  1.90366E-01
  3.50589E+01  3.99617E+00  2.00260E-01
  3.53579E+01  4.43380E+00  2.10926E-01
  3.56570E+01  4.39417E+00  2.09981E-01
  3.59560E+01  4.02219E+00  2.00910E-01
  3.62550E+01  4.02198E+00  2.00904E-01
  3.65541E+01  3.52525E+00  1.88105E-01
  3.68531E+01  3.13562E+00  1.77422E-01
  3.71522E+01  2.54453E+00  1.59856E-01
  3.74512E+01  2.08507E+00  1.44738E-01
  3.77502E+01  1.65646E+00  1.29047E-01
  3.80493E+01  1.35626E+00  1.16809E-01
  3.83483E+01  1.13991E+00  1.07125E-01
  3.86474E+01  8.77582E-01  9.40545E-02
  3.89464E+01  6.55924E-01  8.13921E-02
  3.92454E+01  4.84440E-01  7.00421E-02
  3.95445E+01  4.01852E-01  6.38610E-02
  3.98435E+01  4.06711E-01  6.42401E-02
  4.01425E+01  4.12543E-01  6.46935E-02
  4.04416E+01  4.77724E-01  6.95583E-02
  4.07406E+01  3.78508E-01  6.20000E-02
  4.10397E+01  4.10713E-01  6.45513E-02
  4.13387E+01  3.46390E-01  5.93473E-02
  4.16377E+01  3.66739E-01  6.10426E-02
  4.19368E+01  3.91335E-01  6.30270E-02
  4.22358E+01  2.48712E-01  5.04293E-02
  4.25349E+01  3.07141E-01  5.59371E-02
  4.28339E+01  3.48009E-01  5.94833E-02
  4.31329E+01  3.35604E-01  5.84284E-02
  4.34320E+01  2.95433E-01  5.48763E-02
  4.37310E+01  3.15727E-01  5.66992E-02
  4.40301E+01  3.04099E-01  5.56610E-02
  4.43291E+01  2.66496E-01  5.21662E-02
  4.46281E+01  2.41885E-01  4.97475E-02
  4.49272E+01  3.06861E-01  5.59102E-02
  4.52262E+01  3.19419E-01  5.70232E-02
  4.55253E+01  2.38658E-01  4.94194E-02
  4.58243E+01  2.33970E-01  4.89433E-02
  4.61233E+01  2.66040E-01  5.21222E-02
  4.64224E+01  2.22767E-01  4.77805E-02
  4.67214E+01  2.13298E-01  4.67774E-02
  4.70204E+01  1.61955E-01  4.09089E-02
  4.73195E+01  1.74464E-01  4.24156E-02
  4.76185E+01  2.90257E-01  5.44013E-02
  4.79176E+01  3.21612E-01  5.72151E-02
  4.82166E+01  2.87696E-01  5.41642E-02
  4.85156E+01  2.60488E-01  5.15859E-02
  4.88147E+01  2.26948E-01  4.82190E-02
  4.91137E+01  3.09623E-01  5.61570E-02
  4.94128E+01  2.98605E-01  5.51632E-02
  4.97118E+01  2.47710E-01  5.03298E-02
  5.00108E+01  2.87914E-01  5.41857E-02
  5.03099E+01  2.99485E-01  5.52438E-02
  5.06089E+01  2.55766E-01  5.11248E-02
  5.09080E+01  2.23545E-01  4.78633E-02
  5.12070E+01  2.24804E-01  4.79944E-02
  5.15060E+01  2.01836E-01  4.55330E-02
  5.18051E+01  2.21688E-01  4.76691E-02
  5.21041E+01  2.97729E-01  5.50850E-02
  5.24032E+01  2.89408E-01  5.43218E-02
  5.27022E+01  2.76205E-01  5.30907E-02
  5.30012E+01  2.56287E-01  5.11766E-02
  5.33003E+01  2.95612E-01  5.48927E-02
  5.35993E+01  3.12907E-01  5.64482E-02
  5.38983E+01  2.37256E-01  4.92767E-02
  5.41974E+01  2.13697E-01  4.68206E-02
  5.44964E+01  1.77546E-01  4.27759E-02
  5.47955E+01  1.52665E-01  3.97556E-02
  5.50945E+01  1.96355E-01  4.49263E-02
  5.53935E+01  2.48224E-01  5.03794E-02
  5.56926E+01  2.20425E-01  4.75338E-02
  5.59916E+01  1.88184E-01  4.40047E-02
  5.62907E+01  1.69716E-01  4.18501E-02
  5.65897E+01  2.32054E-01  4.87454E-02
  5.68887E+01  2.17473E-01  4.72207E-02
  5.71878E+01  1.62966E-01  4.10318E-02
  5.74868E+01  1.23913E-01  3.59484E-02
  5.77859E+01  1.52691E-01  3.97581E-02
  5.80849E+01  1.47818E-01  3.91381E-02
  5.83839E+01  1.58249E-01  4.04526E-02
  5.86830E+01  2.16436E-01  4.71122E-02
  5.89820E+01  2.14196E-01  4.68722E-02
  5.92811E+01  1.36735E-01  3.76928E-02
  5.95801E+01  1.46439E-01  3.89624E-02
  5.98791E+01  1.38943E-01  3.79848E-02
  6.01782E+01  1.35974E-01  3.75918E-02
  6.04772E+01  1.59981E-01  4.06660E-02
  6.07762E+01  1.48416E-01  3.92146E-02
  6.10753E+01  1.53721E-01  3.98876E-02
  6.13743E+01  1.73117E-01  4.22533E-02
  6.16734E+01  1.24451E-01  3.60221E-02
  6.19724E+01  1.28922E-01  3.66401E-02
  6.22714E+01  1.54580E-01  3.99939E-02
  6.25705E+01  1.06770E-01  3.34714E-02
  6.28695E+01  8.48131E-02  3.00066E-02
  6.31686E+01  1.33403E-01  3.72463E-02
  6.34676E+01  7.70923E-02  2.86853E-02
  6.37666E+01  4.35821E-02  2.20709E-02
  6.40657E+01  8.90798E-02  3.07098E-02
  6.43647E+01  6.62839E-02  2.67311E-02
  6.46638E+01  6.26905E-02  2.60504E-02
  6.49628E+01  7.19668E-02  2.77780E-02
  6.52618E+01  1.24957E-01  3.60922E-02
  6.55609E+01  8.91841E-02  3.07252E-02
  6.58599E+01  7.21459E-02  2.78093E-02
  6.61590E+01  4.42765E-02  2.22268E-02
  6.64580E+01  3.77457E-02  2.07023E-02
  6.67570E+01  3.67044E-02  2.04479E-02
  6.70561E+01  2.61876E-02  1.76839E-02
  6.73551E+01  3.24916E-02  1.93885E-02
  6.76541E+01  4.33708E-02  2.20219E-02
  6.79532E+01  6.92988E-02  2.72913E-02
  6.82522E+01  8.28385E-02  2.96729E-02
  6.85513E+01  5.83492E-02  2.51996E-02
  6.88503E+01  3.55866E-02  2.01732E-02
  6.91493E+01  5.22104E-02  2.39487E-02
  6.94484E+01  3.30140E-02  1.95214E-02
  6.97474E+01  1.16570E-02  1.29279E-02
  7.00465E+01  6.59689E-02  2.66729E-02
  7.03455E+01  4.96805E-02  2.34121E-02
  7.06445E+01  5.05245E-02  2.35941E-02
  7.09436E+01  9.26291E-02  3.12827E-02
  7.12426E+01  5.63101E-02  2.47902E-02
  7.15417E+01  1.45617E-02  1.40093E-02
  7.18407E+01  3.48364E-02  1.99862E-02
  7.21397E+01  4.25848E-02  2.18412E-02
  7.24388E+01  3.31719E-02  1.95625E-02
  7.27378E+01  2.34102E-02  1.68783E-02
  7.30369E+01  2.08103E-02  1.60882E-02
  7.33359E+01  2.37344E-02  1.69740E-02
  7.36349E+01  1.62505E-02  1.45987E-02
  7.39340E+01  3.52707E-02  2.00941E-02
  7.42330E+01  4.38903E-02  2.21383E-02
  7.45320E+01  1.92867E-02  1.56050E-02
  7.48311E+01  1.01843E-02  1.23432E-02
  7.51301E+01  2.74554E-02  1.80393E-02
  7.54292E+01  1.60303E-02  1.45213E-02
  7.57282E+01  6.81075E-03  1.08865E-02
  7.60272E+01  1.69212E-02  1.48272E-02
  7.63263E+01  1.72464E-02  1.49352E-02
  7.66253E+01  1.31443E-03  1.00251E-02
  7.69244E+01  4.89049E-03  1.00230E-02
  7.72234E+01  2.33322E-02  1.68551E-02
  7.75224E+01  3.23115E-02  1.93410E-02
  7.78215E+01  2.80843E-02  1.82125E-02
  7.81205E+01  1.68209E-02  1.47932E-02
  7.84196E+01  2.57790E-02  1.75678E-02
  7.87186E+01  2.40109E-02  1.70546E-02
  7.90176E+01  2.22530E-03  1.00258E-02
  7.93167E+01 -2.33820E-03  1.00230E-02
  7.96157E+01  2.04018E-03  1.00230E-02
  7.99148E+01 -4.23383E-03  1.00230E-02
  8.02138E+01 -3.34226E-04  1.00230E-02
  8.05128E+01  1.34085E-02  1.35883E-02
  8.08119E+01  1.80330E-02  1.51976E-02
  8.11109E+01  2.56952E-02  1.75428E-02
  8.14099E+01  4.10081E-03  1.00290E-02
  8.17090E+01 -9.13970E-04  1.00230E-02
  8.20080E+01  2.14991E-02  1.63015E-02
  8.23071E+01  1.97994E-02  1.57682E-02
  8.26061E+01  8.02854E-03  1.14329E-02
  8.29051E+01  1.77074E-02  1.50899E-02
  8.32042E+01 -3.60134E-03  1.00260E-02
  8.35032E+01 -3.56944E-03  1.00230E-02
  8.38023E+01  2.55861E-03  1.00230E-02
  8.41013E+01 -2.48149E-03  1.00230E-02
  8.44003E+01  2.28858E-03  1.00230E-02
  8.46994E+01 -4.27751E-03  1.00230E-02
  8.49984E+01 -5.01231E-03  1.00230E-02
  8.52975E+01  4.19721E-04  1.00230E-02
  8.55965E+01  3.19571E-02  1.92493E-02
  8.58955E+01  1.59470E-02  1.44925E-02
  8.61946E+01 -2.44280E-03  1.00257E-02
  8.64936E+01  1.12751E-02  1.27782E-02
  8.67927E+01  8.93864E-03  1.18242E-02
  8.70917E+01  1.50667E-02  1.41854E-02
  8.73907E+01 -4.57229E-03  1.00246E-02
  8.76898E+01  2.85977E-03  1.00230E-02
  8.79888E+01 -5.00784E-03  1.00230E-02
  8.82878E+01 -5.01266E-03  1.00230E-02
  8.85869E+01 -5.01152E-03  1.00230E-02
  8.88859E+01 -5.01152E-03  1.00230E-02
  8.91850E+01 -5.01152E-03  1.00230E-02
  8.94840E+01 -5.01154E-03  1.00230E-02
  8.97830E+01 -4.75453E-03  1.00230E-02
  9.00821E+01  1.16512E-03  1.00230E-02
  9.03811E+01  3.71767E-03  1.00230E-02
  9.06802E+01  8.52897E-03  1.16506E-02
  9.09792E+01  2.03355E-02  1.59384E-02
  9.12782E+01  3.94799E-03  1.00252E-02
  9.15773E+01  7.82225E-03  1.13429E-02
  9.18763E+01  1.12079E-02  1.27496E-02
  9.21754E+01 -3.61525E-03  1.00247E-02
  9.24744E+01  1.15929E-02  1.29020E-02
  9.27734E+01 -3.54182E-03  1.00240E-02
  9.30725E+01  7.07178E-03  1.10077E-02
  9.33715E+01  5.14189E-03  1.00871E-02
  9.36706E+01 -4.83820E-03  1.00231E-02
  9.39696E+01 -1.59030E-03  1.00230E-02
  9.42686E+01  2.19787E-02  1.64478E-02
  9.45677E+01  7.04581E-03  1.09922E-02
  9.48667E+01  1.22383E-02  1.31489E-02
  9.51657E+01 -4.08490E-03  1.00239E-02
  9.54648E+01  3.47263E-03  1.00230E-02
  9.57638E+01 -3.87989E-03  1.00230E-02
  9.60629E+01  3.52650E-03  1.00230E-02
  9.63619E+01 -2.49052E-03  1.00230E-02
  9.66609E+01  5.89996E-03  1.04586E-02
  9.69600E+01 -4.70148E-03  1.00232E-02
  9.72590E+01  1.24425E-02  1.32277E-02
  9.75581E+01 -4.21879E-04  1.00250E-02
  9.78571E+01 -4.66987E-03  1.00230E-02
  9.81561E+01  1.19322E-02  1.30326E-02
  9.84552E+01 -2.90626E-04  1.00247E-02
  9.87542E+01 -4.72121E-03  1.00230E-02
  9.90533E+01 -3.54010E-03  1.00230E-02
  9.93523E+01  2.51074E-03  1.00230E-02
  9.96513E+01  1.39245E-02  1.37777E-02
  9.99504E+01  5.02797E-02  2.35404E-02
  1.00249E+02  3.34003E-02  1.96134E-02
  1.00548E+02 -4.70104E-03  1.00453E-02
  1.00847E+02 -5.02649E-03  1.00230E-02
  1.01147E+02 -4.24669E-04  1.00230E-02
  1.01446E+02  2.91679E-02  1.85077E-02
  1.01745E+02 -4.27386E-03  1.00357E-02
  1.02044E+02 -5.01855E-03  1.00230E-02
  1.02343E+02 -5.01210E-03  1.00230E-02
  1.02642E+02 -2.74939E-03  1.00230E-02
  1.02941E+02  3.01695E-02  1.87780E-02
  1.03240E+02 -4.53739E-03  1.00280E-02
  1.03539E+02 -3.82577E-03  1.00230E-02
  1.03838E+02  3.23911E-02  1.93620E-02
  1.04137E+02 -5.01152E-03  1.00230E-02
