@page size 600,600
@view 0.12,0.1,0.97,0.93
@subtitle "PHOENIX module phox, 10/30/16 at 15:29:20 -07:00"
@xaxes scale Normal
@yaxes scale Normal
@xaxis label "energy (meV)"
@yaxis label "data without elastic peak"
@s0 errorbar size 0.0
@type xydy
 -1.02200E+02 -5.00000E-01  1.00000E+00
 -1.01901E+02 -5.00000E-01  1.00000E+00
 -1.01602E+02 -5.00000E-01  1.00000E+00
 -1.01303E+02 -5.00000E-01  1.00000E+00
 -1.01004E+02 -5.00011E-01  1.00000E+00
 -1.00705E+02 -5.00334E-01  1.00000E+00
 -1.00406E+02 -4.14119E-01  1.00057E+00
 -1.00107E+02  1.96238E+00  1.56884E+00
 -9.98078E+01  2.04427E+00  1.59483E+00
 -9.95087E+01 -4.98739E-01  1.00038E+00
 -9.92097E+01 -4.50536E-01  1.00000E+00
 -9.89106E+01  1.07543E-01  1.00000E+00
 -9.86116E+01  5.13430E-01  1.00669E+00
 -9.83126E+01 -4.99457E-01  1.00000E+00
 -9.80135E+01  5.65076E-01  1.03233E+00
 -9.77145E+01  4.29346E-01  1.00002E+00
 -9.74155E+01  4.00683E-01  1.00000E+00
 -9.71164E+01 -4.75350E-01  1.00000E+00
 -9.68174E+01  6.14777E-02  1.00000E+00
 -9.65183E+01  1.35912E+00  1.36351E+00
 -9.62193E+01  5.13025E-01  1.00638E+00
 -9.59203E+01  6.02294E-01  1.04988E+00
 -9.56212E+01 -4.99477E-01  1.00002E+00
 -9.53222E+01 -5.00184E-01  1.00000E+00
 -9.50231E+01 -5.00000E-01  1.00000E+00
 -9.47241E+01 -5.00015E-01  1.00000E+00
 -9.44251E+01 -4.20514E-01  1.00000E+00
 -9.41260E+01  2.84135E-01  1.00000E+00
 -9.38270E+01 -5.70106E-02  1.00000E+00
 -9.35279E+01  3.31574E-01  1.00000E+00
 -9.32289E+01 -4.77754E-01  1.00000E+00
 -9.29299E+01 -5.00113E-01  1.00000E+00
 -9.26308E+01 -5.00028E-01  1.00000E+00
 -9.23318E+01 -2.94442E-01  1.00000E+00
 -9.20327E+01  4.69044E-01  1.00000E+00
 -9.17337E+01  3.28356E-01  1.00000E+00
 -9.14347E+01 -4.99493E-01  1.00000E+00
 -9.11356E+01 -5.00131E-01  1.00000E+00
 -9.08366E+01 -3.01500E-01  1.00000E+00
 -9.05376E+01  1.96984E-01  1.00000E+00
 -9.02385E+01 -3.20347E-01  1.00000E+00
 -8.99395E+01  3.23359E-01  1.00000E+00
 -8.96404E+01 -3.20928E-01  1.00000E+00
 -8.93414E+01 -4.99987E-01  1.00000E+00
 -8.90424E+01 -5.00027E-01  1.00000E+00
 -8.87433E+01 -5.00000E-01  1.00000E+00
 -8.84443E+01 -5.00000E-01  1.00000E+00
 -8.81452E+01 -5.00000E-01  1.00000E+00
 -8.78462E+01 -5.00000E-01  1.00000E+00
 -8.75472E+01 -5.00000E-01  1.00000E+00
 -8.72481E+01 -5.00011E-01  1.00000E+00
 -8.69491E+01 -4.04820E-01  1.00000E+00
 -8.66500E+01  6.22354E-01  1.05958E+00
 -8.63510E+01 -3.10176E-01  1.00005E+00
 -8.60520E+01  2.20795E-01  1.00000E+00
 -8.57529E+01 -4.99578E-01  1.00000E+00
 -8.54539E+01 -5.00126E-01  1.00000E+00
 -8.51548E+01 -5.00000E-01  1.00000E+00
 -8.48558E+01 -5.00000E-01  1.00000E+00
 -8.45568E+01 -5.00000E-01  1.00000E+00
 -8.42577E+01 -5.00000E-01  1.00000E+00
 -8.39587E+01 -5.00042E-01  1.00000E+00
 -8.36597E+01 -2.65994E-01  1.00000E+00
 -8.33606E+01  1.28125E-01  1.00000E+00
 -8.30616E+01 -3.26582E-01  1.00000E+00
 -8.27625E+01  1.48768E+00  1.41000E+00
 -8.24635E+01  9.17260E-01  1.19033E+00
 -8.21645E+01  6.17228E-01  1.05699E+00
 -8.18654E+01 -1.57327E-02  1.00003E+00
 -8.15664E+01  6.92981E-01  1.09244E+00
 -8.12673E+01  6.27599E-01  1.06181E+00
 -8.09683E+01  1.96456E-01  1.00005E+00
 -8.06693E+01 -4.99641E-01  1.00000E+00
 -8.03702E+01 -5.00100E-01  1.00000E+00
 -8.00712E+01 -3.63203E-01  1.00000E+00
 -7.97721E+01  5.85198E-01  1.04196E+00
 -7.94731E+01  7.79093E-01  1.13087E+00
 -7.91741E+01 -4.99176E-01  1.00009E+00
 -7.88750E+01 -4.65775E-01  1.00000E+00
 -7.85760E+01  6.81123E-01  1.08709E+00
 -7.82769E+01  5.25029E-01  1.01229E+00
 -7.79779E+01 -4.42557E-01  1.00001E+00
 -7.76789E+01  8.10168E-01  1.14495E+00
 -7.73798E+01  6.57723E-01  1.07585E+00
 -7.70808E+01 -1.69863E-01  1.00006E+00
 -7.67818E+01  5.05961E-01  1.00326E+00
 -7.64827E+01  8.88743E-01  1.17842E+00
 -7.61837E+01  8.96216E-01  1.18149E+00
 -7.58846E+01 -4.99268E-01  1.00010E+00
 -7.55856E+01 -5.00256E-01  1.00000E+00
 -7.52866E+01 -4.89465E-01  1.00000E+00
 -7.49875E+01 -1.66424E-01  1.00000E+00
 -7.46885E+01  7.10906E-01  1.10054E+00
 -7.43894E+01  1.20853E-01  1.00006E+00
 -7.40904E+01 -5.00018E-01  1.00000E+00
 -7.37914E+01  1.48488E+00  1.40911E+00
 -7.34923E+01  1.46640E+00  1.40214E+00
 -7.31933E+01  3.65715E-02  1.00033E+00
 -7.28942E+01  8.96793E-02  1.00000E+00
 -7.25952E+01  4.32276E-01  1.00000E+00
 -7.22962E+01  8.10581E-01  1.14471E+00
 -7.19971E+01 -4.92823E-01  1.00008E+00
 -7.16981E+01 -2.32508E-01  1.00000E+00
 -7.13990E+01  1.59115E-01  1.00000E+00
 -7.11000E+01 -4.99674E-01  1.00000E+00
 -7.08010E+01 -4.61311E-01  1.00000E+00
 -7.05019E+01  6.11235E-01  1.05444E+00
 -7.02029E+01  1.58526E+00  1.44392E+00
 -6.99039E+01  5.96176E-01  1.04697E+00
 -6.96048E+01  1.36201E+00  1.36457E+00
 -6.93058E+01  6.98081E-01  1.09446E+00
 -6.90067E+01  2.41532E-02  1.00005E+00
 -6.87077E+01 -4.99742E-01  1.00000E+00
 -6.84087E+01 -5.00107E-01  1.00000E+00
 -6.81096E+01 -3.05312E-01  1.00000E+00
 -6.78106E+01  4.16326E-01  1.00000E+00
 -6.75115E+01  1.19198E-01  1.00000E+00
 -6.72125E+01  2.00099E-01  1.00000E+00
 -6.69135E+01  1.27647E+00  1.33281E+00
 -6.66144E+01 -3.13368E-01  1.00019E+00
 -6.63154E+01  8.02096E-02  1.00000E+00
 -6.60163E+01  7.93457E-01  1.13732E+00
 -6.57173E+01 -1.18552E-01  1.00006E+00
 -6.54183E+01  1.37440E-01  1.00000E+00
 -6.51192E+01  1.22484E+00  1.31338E+00
 -6.48202E+01  1.12222E+00  1.27352E+00
 -6.45211E+01  7.13656E-02  1.00018E+00
 -6.42221E+01  7.52554E-01  1.11931E+00
 -6.39231E+01  6.93358E-01  1.09234E+00
 -6.36240E+01  3.75354E-01  1.00005E+00
 -6.33250E+01  8.80215E-01  1.17483E+00
 -6.30260E+01  1.43443E-01  1.00011E+00
 -6.27269E+01 -6.83035E-02  1.00000E+00
 -6.24279E+01  5.31863E-01  1.01609E+00
 -6.21288E+01  1.62697E+00  1.45846E+00
 -6.18298E+01  3.26526E+00  1.94029E+00
 -6.15308E+01  1.38010E+00  1.37111E+00
 -6.12317E+01  2.01123E+00  1.58477E+00
 -6.09327E+01  2.51638E+00  1.73665E+00
 -6.06336E+01  6.77727E-01  1.08520E+00
 -6.03346E+01  6.03473E-01  1.05061E+00
 -6.00356E+01  1.78227E+00  1.51066E+00
 -5.97365E+01  5.45546E-01  1.02251E+00
 -5.94375E+01  1.53541E+00  1.42684E+00
 -5.91384E+01  2.97424E+00  1.86387E+00
 -5.88394E+01  2.17298E+00  1.63486E+00
 -5.85404E+01  1.65934E+00  1.46954E+00
 -5.82413E+01  2.15575E+00  1.62961E+00
 -5.79423E+01  5.46646E-01  1.02308E+00
 -5.76432E+01  1.25677E+00  1.32565E+00
 -5.73442E+01  3.64905E+00  2.03684E+00
 -5.70452E+01  1.32749E+00  1.35169E+00
 -5.67461E+01  1.15099E+00  1.28523E+00
 -5.64471E+01  5.25883E+00  2.39969E+00
 -5.61481E+01  3.32846E+00  1.95644E+00
 -5.58490E+01  2.06700E+00  1.60224E+00
 -5.55500E+01  1.53483E+00  1.42651E+00
 -5.52509E+01  8.86004E-01  1.17753E+00
 -5.49519E+01  4.67271E+00  2.27440E+00
 -5.46529E+01  5.09239E+00  2.36471E+00
 -5.43538E+01  5.19589E+00  2.38653E+00
 -5.40548E+01  2.27391E+00  1.66545E+00
 -5.37557E+01  1.19826E+00  1.30341E+00
 -5.34567E+01  2.90602E+00  1.84560E+00
 -5.31577E+01  3.93009E+00  2.10468E+00
 -5.28586E+01  2.88551E+00  1.83996E+00
 -5.25596E+01  3.46805E+00  1.99203E+00
 -5.22605E+01  3.32411E+00  1.95545E+00
 -5.19615E+01  1.56511E+00  1.43707E+00
 -5.16625E+01  1.88129E+00  1.54325E+00
 -5.13634E+01  2.31615E+00  1.67812E+00
 -5.10644E+01  1.99071E+00  1.57839E+00
 -5.07653E+01  5.98434E+00  2.54643E+00
 -5.04663E+01  5.44172E+00  2.43744E+00
 -5.01673E+01  3.98881E+00  2.11864E+00
 -4.98682E+01  2.29898E+00  1.67314E+00
 -4.95692E+01  4.12145E+00  2.14987E+00
 -4.92702E+01  5.13054E+00  2.37282E+00
 -4.89711E+01  5.23618E+00  2.39501E+00
 -4.86721E+01  5.44167E+00  2.43756E+00
 -4.83730E+01  5.71462E+00  2.49283E+00
 -4.80740E+01  2.79162E+00  1.81426E+00
 -4.77750E+01  2.36418E+00  1.69259E+00
 -4.74759E+01  3.95687E+00  2.11120E+00
 -4.71769E+01  6.00899E+00  2.55118E+00
 -4.68778E+01  4.81790E+00  2.30594E+00
 -4.65788E+01  2.75540E+00  1.80430E+00
 -4.62798E+01  2.57125E+00  1.75270E+00
 -4.59807E+01  5.06919E+00  2.35992E+00
 -4.56817E+01  5.07367E+00  2.36078E+00
 -4.53826E+01  5.40840E+00  2.43070E+00
 -4.50836E+01  4.78817E+00  2.29963E+00
 -4.47846E+01  6.17792E+00  2.58419E+00
 -4.44855E+01  6.44500E+00  2.63529E+00
 -4.41865E+01  5.91135E+00  2.53213E+00
 -4.38874E+01  8.05894E+00  2.92557E+00
 -4.35884E+01  7.45603E+00  2.82062E+00
 -4.32894E+01  8.47795E+00  2.99639E+00
 -4.29903E+01  1.03640E+01  3.29605E+00
 -4.26913E+01  1.06636E+01  3.34100E+00
 -4.23923E+01  5.27332E+00  2.40270E+00
 -4.20932E+01  3.22258E+00  1.92969E+00
 -4.17942E+01  7.66618E+00  2.85776E+00
 -4.14951E+01  9.47301E+00  3.15796E+00
 -4.11961E+01  1.15095E+01  3.46546E+00
 -4.08971E+01  1.26170E+01  3.62165E+00
 -4.05980E+01  1.05433E+01  3.32316E+00
 -4.02990E+01  1.21041E+01  3.55018E+00
 -3.99999E+01  7.96588E+00  2.90956E+00
 -3.97009E+01  7.06468E+00  2.75052E+00
 -3.94019E+01  9.45089E+00  3.15453E+00
 -3.91028E+01  9.55715E+00  3.17135E+00
 -3.88038E+01  1.44284E+01  3.86376E+00
 -3.85047E+01  1.61735E+01  4.08331E+00
 -3.82057E+01  2.07001E+01  4.60440E+00
 -3.79067E+01  2.64753E+01  5.19391E+00
 -3.76076E+01  3.97662E+01  6.34561E+00
 -3.73086E+01  5.08791E+01  7.16783E+00
 -3.70095E+01  5.63854E+01  7.54231E+00
 -3.67105E+01  7.51269E+01  8.69644E+00
 -3.64115E+01  9.15137E+01  9.59235E+00
 -3.61124E+01  1.06968E+02  1.03666E+01
 -3.58134E+01  1.16572E+02  1.08200E+01
 -3.55144E+01  1.22645E+02  1.10969E+01
 -3.52153E+01  1.02126E+02  1.01304E+01
 -3.49163E+01  1.00410E+02  1.00456E+01
 -3.46172E+01  1.06823E+02  1.03596E+01
 -3.43182E+01  8.83270E+01  9.42473E+00
 -3.40192E+01  8.04214E+01  8.99584E+00
 -3.37201E+01  8.70591E+01  9.35724E+00
 -3.34211E+01  6.88233E+01  8.32598E+00
 -3.31220E+01  6.71708E+01  8.22633E+00
 -3.28230E+01  6.20807E+01  7.91083E+00
 -3.25240E+01  6.49267E+01  8.08880E+00
 -3.22249E+01  7.33329E+01  8.59261E+00
 -3.19259E+01  7.65221E+01  8.77614E+00
 -3.16268E+01  7.64916E+01  8.77457E+00
 -3.13278E+01  8.96761E+01  9.49607E+00
 -3.10288E+01  8.36745E+01  9.17459E+00
 -3.07297E+01  8.76108E+01  9.38686E+00
 -3.04307E+01  9.96657E+01  1.00083E+01
 -3.01316E+01  1.08680E+02  1.04489E+01
 -2.98326E+01  1.11179E+02  1.05678E+01
 -2.95336E+01  1.12970E+02  1.06522E+01
 -2.92345E+01  1.06598E+02  1.03488E+01
 -2.89355E+01  1.11513E+02  1.05838E+01
 -2.86365E+01  1.34794E+02  1.16317E+01
 -2.83374E+01  1.54104E+02  1.24339E+01
 -2.80384E+01  1.52988E+02  1.23888E+01
 -2.77393E+01  1.41854E+02  1.19312E+01
 -2.74403E+01  1.33261E+02  1.15657E+01
 -2.71413E+01  1.56508E+02  1.25304E+01
 -2.68422E+01  1.69561E+02  1.30406E+01
 -2.65432E+01  1.64997E+02  1.28646E+01
 -2.62441E+01  1.86121E+02  1.36609E+01
 -2.59451E+01  1.74686E+02  1.32356E+01
 -2.56461E+01  1.56034E+02  1.25114E+01
 -2.53470E+01  1.56729E+02  1.25392E+01
 -2.50480E+01  1.69633E+02  1.30435E+01
 -2.47489E+01  1.73712E+02  1.31989E+01
 -2.44499E+01  1.71822E+02  1.31272E+01
 -2.41509E+01  1.84300E+02  1.35942E+01
 -2.38518E+01  1.94211E+02  1.39540E+01
 -2.35528E+01  2.31609E+02  1.52352E+01
 -2.32537E+01  2.45459E+02  1.56828E+01
 -2.29547E+01  2.22801E+02  1.49432E+01
 -2.26557E+01  2.17698E+02  1.47717E+01
 -2.23566E+01  2.27562E+02  1.51018E+01
 -2.20576E+01  2.31718E+02  1.52387E+01
 -2.17586E+01  2.37493E+02  1.54270E+01
 -2.14595E+01  2.47092E+02  1.57350E+01
 -2.11605E+01  2.30461E+02  1.51973E+01
 -2.08614E+01  2.28860E+02  1.51448E+01
 -2.05624E+01  2.44459E+02  1.56511E+01
 -2.02634E+01  2.36422E+02  1.53922E+01
 -1.99643E+01  2.32000E+02  1.52480E+01
 -1.96653E+01  2.22038E+02  1.49178E+01
 -1.93662E+01  2.33364E+02  1.52927E+01
 -1.90672E+01  2.34417E+02  1.53269E+01
 -1.87682E+01  1.98535E+02  1.41080E+01
 -1.84691E+01  1.96745E+02  1.40446E+01
 -1.81701E+01  2.07040E+02  1.44062E+01
 -1.78710E+01  2.03870E+02  1.42958E+01
 -1.75720E+01  2.04536E+02  1.43190E+01
 -1.72730E+01  1.91429E+02  1.38538E+01
 -1.69739E+01  1.81319E+02  1.34841E+01
 -1.66749E+01  1.92301E+02  1.38853E+01
 -1.63758E+01  1.84344E+02  1.35957E+01
 -1.60768E+01  1.89186E+02  1.37727E+01
 -1.57778E+01  1.90256E+02  1.38113E+01
 -1.54787E+01  1.73550E+02  1.31929E+01
 -1.51797E+01  1.83162E+02  1.35523E+01
 -1.48807E+01  1.94247E+02  1.39551E+01
 -1.45816E+01  1.83585E+02  1.35677E+01
 -1.42826E+01  1.63890E+02  1.28216E+01
 -1.39835E+01  1.69134E+02  1.30245E+01
 -1.36845E+01  1.73120E+02  1.31765E+01
 -1.33855E+01  1.78576E+02  1.33819E+01
 -1.30864E+01  1.75577E+02  1.32693E+01
 -1.27874E+01  1.55504E+02  1.24902E+01
 -1.24883E+01  1.54817E+02  1.24628E+01
 -1.21893E+01  1.75613E+02  1.32708E+01
 -1.18903E+01  1.79153E+02  1.34033E+01
 -1.15912E+01  1.69472E+02  1.30373E+01
 -1.12922E+01  1.69403E+02  1.30348E+01
 -1.09931E+01  1.69815E+02  1.30505E+01
 -1.06941E+01  1.79849E+02  1.36214E+01
 -1.03951E+01  1.80156E+02  1.36439E+01
 -1.00960E+01  1.80301E+02  1.36616E+01
 -9.79698E+00  1.75803E+02  1.35096E+01
 -9.49795E+00  1.82349E+02  1.37643E+01
 -9.19891E+00  1.70082E+02  1.33279E+01
 -8.89987E+00  1.66350E+02  1.32059E+01
 -8.60083E+00  1.94870E+02  1.42636E+01
 -8.30179E+00  1.77915E+02  1.36782E+01
 -8.00275E+00  1.67124E+02  1.33034E+01
 -7.70371E+00  1.79514E+02  1.37884E+01
 -7.40467E+00  1.90871E+02  1.42238E+01
 -7.10563E+00  1.75816E+02  1.37192E+01
 -6.80659E+00  1.72765E+02  1.36477E+01
 -6.50755E+00  2.01524E+02  1.47055E+01
 -6.20852E+00  2.01566E+02  1.47552E+01
 -5.90948E+00  1.75898E+02  1.39179E+01
 -5.61044E+00  1.98849E+02  1.47848E+01
 -5.31140E+00  2.09223E+02  1.52061E+01
 -5.01236E+00  1.90537E+02  1.46712E+01
 -4.71332E+00  2.14059E+02  1.55565E+01
 -4.41428E+00  2.01098E+02  1.52637E+01
 -4.11524E+00  2.00159E+02  1.53918E+01
 -3.81620E+00  2.16909E+02  1.61166E+01
 -3.51716E+00  1.93228E+02  1.56157E+01
 -3.21812E+00  1.89805E+02  1.58309E+01
 -2.91908E+00  2.00888E+02  1.67653E+01
 -2.62005E+00  2.03794E+02  1.73139E+01
 -2.32101E+00  2.06599E+02  1.78462E+01
 -2.02197E+00  2.08652E+02  1.98529E+01
 -1.72293E+00  2.06100E+02  2.15560E+01
 -1.42389E+00  1.96509E+02  2.44380E+01
 -1.12485E+00  1.93958E+02  3.09403E+01
 -8.25811E-01  2.12023E+02  4.55829E+01
 -5.26772E-01  2.25543E+02  7.12472E+01
 -2.27733E-01  2.14000E+02  9.15105E+01
  7.13064E-02  2.11391E+02  9.52791E+01
  3.70346E-01  2.35889E+02  7.88077E+01
  6.69385E-01  2.41020E+02  5.24139E+01
  9.68424E-01  2.12582E+02  3.36839E+01
  1.26746E+00  1.93648E+02  2.65549E+01
  1.56650E+00  1.99455E+02  2.19703E+01
  1.86554E+00  2.11421E+02  1.98130E+01
  2.16458E+00  2.21020E+02  1.91255E+01
  2.46362E+00  2.28463E+02  1.81107E+01
  2.76266E+00  2.32106E+02  1.80453E+01
  3.06170E+00  2.31337E+02  1.74637E+01
  3.36074E+00  2.13908E+02  1.63036E+01
  3.65978E+00  2.02509E+02  1.56898E+01
  3.95882E+00  2.15303E+02  1.58924E+01
  4.25785E+00  2.35733E+02  1.63686E+01
  4.55689E+00  2.30615E+02  1.60852E+01
  4.85593E+00  2.20882E+02  1.56739E+01
  5.15497E+00  2.24960E+02  1.57157E+01
  5.45401E+00  2.23105E+02  1.55825E+01
  5.75305E+00  2.28832E+02  1.57029E+01
  6.05209E+00  2.33179E+02  1.57877E+01
  6.35113E+00  2.22429E+02  1.53968E+01
  6.65017E+00  2.30863E+02  1.56285E+01
  6.94921E+00  2.39209E+02  1.58589E+01
  7.24825E+00  2.57053E+02  1.63826E+01
  7.54728E+00  2.59882E+02  1.64430E+01
  7.84632E+00  2.59861E+02  1.64196E+01
  8.14536E+00  2.64163E+02  1.65298E+01
  8.44440E+00  2.46780E+02  1.59766E+01
  8.74344E+00  2.38374E+02  1.56943E+01
  9.04248E+00  2.29059E+02  1.53789E+01
  9.34152E+00  2.26799E+02  1.52910E+01
  9.64056E+00  2.59170E+02  1.63028E+01
  9.93960E+00  2.54219E+02  1.61389E+01
  1.02386E+01  2.63998E+02  1.64292E+01
  1.05377E+01  2.83995E+02  1.68669E+01
  1.08367E+01  2.79550E+02  1.67346E+01
  1.11358E+01  2.69926E+02  1.64447E+01
  1.14348E+01  2.73667E+02  1.65581E+01
  1.17338E+01  2.92956E+02  1.71305E+01
  1.20329E+01  2.79191E+02  1.67238E+01
  1.23319E+01  2.64512E+02  1.62792E+01
  1.26309E+01  2.66827E+02  1.63502E+01
  1.29300E+01  2.79538E+02  1.67343E+01
  1.32290E+01  2.88122E+02  1.69888E+01
  1.35281E+01  2.88065E+02  1.69873E+01
  1.38271E+01  3.24047E+02  1.80152E+01
  1.41261E+01  3.10009E+02  1.76210E+01
  1.44252E+01  2.98202E+02  1.72831E+01
  1.47242E+01  3.19372E+02  1.78850E+01
  1.50233E+01  3.18401E+02  1.78578E+01
  1.53223E+01  3.26133E+02  1.80730E+01
  1.56213E+01  3.16913E+02  1.78162E+01
  1.59204E+01  3.42222E+02  1.85128E+01
  1.62194E+01  3.46982E+02  1.86408E+01
  1.65185E+01  3.43361E+02  1.85435E+01
  1.68175E+01  3.64225E+02  1.90978E+01
  1.71165E+01  3.74199E+02  1.93570E+01
  1.74156E+01  3.53764E+02  1.88220E+01
  1.77146E+01  3.92246E+02  1.98179E+01
  1.80137E+01  4.17099E+02  2.04351E+01
  1.83127E+01  4.11176E+02  2.02898E+01
  1.86117E+01  4.27475E+02  2.06878E+01
  1.89108E+01  4.86889E+02  2.20770E+01
  1.92098E+01  5.53410E+02  2.35352E+01
  1.95088E+01  5.50411E+02  2.34711E+01
  1.98079E+01  5.05130E+02  2.24862E+01
  2.01069E+01  4.95335E+02  2.22675E+01
  2.04060E+01  5.55477E+02  2.35792E+01
  2.07050E+01  5.71434E+02  2.39150E+01
  2.10040E+01  5.54614E+02  2.35608E+01
  2.13031E+01  5.57079E+02  2.36131E+01
  2.16021E+01  5.51794E+02  2.35010E+01
  2.19012E+01  5.60492E+02  2.36854E+01
  2.22002E+01  5.89385E+02  2.42875E+01
  2.24992E+01  5.65130E+02  2.37828E+01
  2.27983E+01  5.51177E+02  2.34879E+01
  2.30973E+01  5.73812E+02  2.39648E+01
  2.33964E+01  5.64603E+02  2.37717E+01
  2.36954E+01  5.17568E+02  2.27611E+01
  2.39944E+01  4.90255E+02  2.21531E+01
  2.42935E+01  4.60770E+02  2.14772E+01
  2.45925E+01  4.33044E+02  2.08218E+01
  2.48916E+01  4.39062E+02  2.09658E+01
  2.51906E+01  4.38674E+02  2.09565E+01
  2.54896E+01  4.36743E+02  2.09104E+01
  2.57887E+01  4.39138E+02  2.09676E+01
  2.60877E+01  4.64052E+02  2.15535E+01
  2.63867E+01  4.67338E+02  2.16294E+01
  2.66858E+01  4.41505E+02  2.10239E+01
  2.69848E+01  4.39509E+02  2.09765E+01
  2.72839E+01  4.53189E+02  2.12999E+01
  2.75829E+01  4.29826E+02  2.07443E+01
  2.78819E+01  4.23269E+02  2.05858E+01
  2.81810E+01  4.33656E+02  2.08364E+01
  2.84800E+01  4.13668E+02  2.03510E+01
  2.87791E+01  3.77782E+02  1.94495E+01
  2.90781E+01  3.66792E+02  1.91650E+01
  2.93771E+01  3.67765E+02  1.91902E+01
  2.96762E+01  3.49668E+02  1.87127E+01
  2.99752E+01  3.20225E+02  1.79088E+01
  3.02743E+01  2.95809E+02  1.72137E+01
  3.05733E+01  2.95201E+02  1.71961E+01
  3.08723E+01  3.02126E+02  1.73961E+01
  3.11714E+01  2.92365E+02  1.71133E+01
  3.14704E+01  2.93223E+02  1.71383E+01
  3.17695E+01  2.75493E+02  1.66129E+01
  3.20685E+01  2.53307E+02  1.59314E+01
  3.23675E+01  2.46471E+02  1.57155E+01
  3.26666E+01  2.67330E+02  1.63655E+01
  3.29656E+01  2.65531E+02  1.63104E+01
  3.32646E+01  2.56586E+02  1.60340E+01
  3.35637E+01  2.80731E+02  1.67700E+01
  3.38627E+01  3.02311E+02  1.74014E+01
  3.41618E+01  3.07214E+02  1.75418E+01
  3.44608E+01  3.26068E+02  1.80713E+01
  3.47598E+01  3.60227E+02  1.89929E+01
  3.50589E+01  3.98699E+02  1.99800E+01
  3.53579E+01  4.42361E+02  2.10442E+01
  3.56570E+01  4.38407E+02  2.09498E+01
  3.59560E+01  4.01295E+02  2.00448E+01
  3.62550E+01  4.01274E+02  2.00443E+01
  3.65541E+01  3.51714E+02  1.87673E+01
  3.68531E+01  3.12841E+02  1.77014E+01
  3.71522E+01  2.53869E+02  1.59489E+01
  3.74512E+01  2.08028E+02  1.44405E+01
  3.77502E+01  1.65265E+02  1.28751E+01
  3.80493E+01  1.35314E+02  1.16540E+01
  3.83483E+01  1.13730E+02  1.06878E+01
  3.86474E+01  8.75565E+01  9.38384E+00
  3.89464E+01  6.54417E+01  8.12051E+00
  3.92454E+01  4.83327E+01  6.98811E+00
  3.95445E+01  4.00929E+01  6.37143E+00
  3.98435E+01  4.05777E+01  6.40925E+00
  4.01425E+01  4.11595E+01  6.45448E+00
  4.04416E+01  4.76626E+01  6.93985E+00
  4.07406E+01  3.77638E+01  6.18576E+00
  4.10397E+01  4.09770E+01  6.44030E+00
  4.13387E+01  3.45594E+01  5.92109E+00
  4.16377E+01  3.65897E+01  6.09024E+00
  4.19368E+01  3.90436E+01  6.28822E+00
  4.22358E+01  2.48141E+01  5.03134E+00
  4.25349E+01  3.06435E+01  5.58086E+00
  4.28339E+01  3.47210E+01  5.93466E+00
  4.31329E+01  3.34833E+01  5.82941E+00
  4.34320E+01  2.94754E+01  5.47502E+00
  4.37310E+01  3.15001E+01  5.65689E+00
  4.40301E+01  3.03400E+01  5.55331E+00
  4.43291E+01  2.65883E+01  5.20463E+00
  4.46281E+01  2.41329E+01  4.96332E+00
  4.49272E+01  3.06155E+01  5.57817E+00
  4.52262E+01  3.18685E+01  5.68921E+00
  4.55253E+01  2.38109E+01  4.93059E+00
  4.58243E+01  2.33433E+01  4.88308E+00
  4.61233E+01  2.65428E+01  5.20024E+00
  4.64224E+01  2.22255E+01  4.76707E+00
  4.67214E+01  2.12808E+01  4.66699E+00
  4.70204E+01  1.61583E+01  4.08149E+00
  4.73195E+01  1.74064E+01  4.23181E+00
  4.76185E+01  2.89590E+01  5.42762E+00
  4.79176E+01  3.20873E+01  5.70836E+00
  4.82166E+01  2.87035E+01  5.40397E+00
  4.85156E+01  2.59889E+01  5.14674E+00
  4.88147E+01  2.26427E+01  4.81082E+00
  4.91137E+01  3.08912E+01  5.60280E+00
  4.94128E+01  2.97919E+01  5.50364E+00
  4.97118E+01  2.47140E+01  5.02141E+00
  5.00108E+01  2.87252E+01  5.40612E+00
  5.03099E+01  2.98797E+01  5.51168E+00
  5.06089E+01  2.55178E+01  5.10073E+00
  5.09080E+01  2.23032E+01  4.77533E+00
  5.12070E+01  2.24287E+01  4.78841E+00
  5.15060E+01  2.01372E+01  4.54284E+00
  5.18051E+01  2.21179E+01  4.75596E+00
  5.21041E+01  2.97045E+01  5.49584E+00
  5.24032E+01  2.88743E+01  5.41969E+00
  5.27022E+01  2.75570E+01  5.29687E+00
  5.30012E+01  2.55698E+01  5.10590E+00
  5.33003E+01  2.94932E+01  5.47665E+00
  5.35993E+01  3.12188E+01  5.63185E+00
  5.38983E+01  2.36711E+01  4.91635E+00
  5.41974E+01  2.13206E+01  4.67130E+00
  5.44964E+01  1.77138E+01  4.26776E+00
  5.47955E+01  1.52315E+01  3.96642E+00
  5.50945E+01  1.95903E+01  4.48231E+00
  5.53935E+01  2.47654E+01  5.02636E+00
  5.56926E+01  2.19919E+01  4.74246E+00
  5.59916E+01  1.87752E+01  4.39036E+00
  5.62907E+01  1.69326E+01  4.17539E+00
  5.65897E+01  2.31520E+01  4.86334E+00
  5.68887E+01  2.16974E+01  4.71122E+00
  5.71878E+01  1.62591E+01  4.09375E+00
  5.74868E+01  1.23628E+01  3.58658E+00
  5.77859E+01  1.52340E+01  3.96668E+00
  5.80849E+01  1.47478E+01  3.90482E+00
  5.83839E+01  1.57885E+01  4.03596E+00
  5.86830E+01  2.15939E+01  4.70040E+00
  5.89820E+01  2.13704E+01  4.67645E+00
  5.92811E+01  1.36421E+01  3.76062E+00
  5.95801E+01  1.46102E+01  3.88728E+00
  5.98791E+01  1.38623E+01  3.78975E+00
  6.01782E+01  1.35662E+01  3.75054E+00
  6.04772E+01  1.59614E+01  4.05725E+00
  6.07762E+01  1.48075E+01  3.91245E+00
  6.10753E+01  1.53368E+01  3.97959E+00
  6.13743E+01  1.72719E+01  4.21562E+00
  6.16734E+01  1.24165E+01  3.59393E+00
  6.19724E+01  1.28626E+01  3.65559E+00
  6.22714E+01  1.54225E+01  3.99020E+00
  6.25705E+01  1.06525E+01  3.33945E+00
  6.28695E+01  8.46182E+00  2.99376E+00
  6.31686E+01  1.33097E+01  3.71607E+00
  6.34676E+01  7.69151E+00  2.86194E+00
  6.37666E+01  4.34819E+00  2.20202E+00
  6.40657E+01  8.88751E+00  3.06393E+00
  6.43647E+01  6.61316E+00  2.66697E+00
  6.46638E+01  6.25464E+00  2.59906E+00
  6.49628E+01  7.18014E+00  2.77141E+00
  6.52618E+01  1.24670E+01  3.60093E+00
  6.55609E+01  8.89792E+00  3.06546E+00
  6.58599E+01  7.19802E+00  2.77454E+00
  6.61590E+01  4.41748E+00  2.21757E+00
  6.64580E+01  3.76589E+00  2.06547E+00
  6.67570E+01  3.66200E+00  2.04009E+00
  6.70561E+01  2.61274E+00  1.76432E+00
  6.73551E+01  3.24169E+00  1.93440E+00
  6.76541E+01  4.32711E+00  2.19713E+00
  6.79532E+01  6.91395E+00  2.72286E+00
  6.82522E+01  8.26481E+00  2.96047E+00
  6.85513E+01  5.82151E+00  2.51417E+00
  6.88503E+01  3.55048E+00  2.01268E+00
  6.91493E+01  5.20904E+00  2.38937E+00
  6.94484E+01  3.29381E+00  1.94766E+00
  6.97474E+01  1.16302E+00  1.28982E+00
  7.00465E+01  6.58173E+00  2.66116E+00
  7.03455E+01  4.95664E+00  2.33583E+00
  7.06445E+01  5.04084E+00  2.35399E+00
  7.09436E+01  9.24162E+00  3.12109E+00
  7.12426E+01  5.61807E+00  2.47332E+00
  7.15417E+01  1.45282E+00  1.39771E+00
  7.18407E+01  3.47564E+00  1.99403E+00
  7.21397E+01  4.24869E+00  2.17910E+00
  7.24388E+01  3.30957E+00  1.95176E+00
  7.27378E+01  2.33564E+00  1.68395E+00
  7.30369E+01  2.07625E+00  1.60513E+00
  7.33359E+01  2.36799E+00  1.69350E+00
  7.36349E+01  1.62132E+00  1.45652E+00
  7.39340E+01  3.51897E+00  2.00479E+00
  7.42330E+01  4.37895E+00  2.20874E+00
  7.45320E+01  1.92423E+00  1.55691E+00
  7.48311E+01  1.01609E+00  1.23149E+00
  7.51301E+01  2.73923E+00  1.79978E+00
  7.54292E+01  1.59934E+00  1.44879E+00
  7.57282E+01  6.79510E-01  1.08615E+00
  7.60272E+01  1.68823E+00  1.47931E+00
  7.63263E+01  1.72068E+00  1.49009E+00
  7.66253E+01  1.31141E-01  1.00020E+00
  7.69244E+01  4.87925E-01  1.00000E+00
  7.72234E+01  2.32786E+00  1.68164E+00
  7.75224E+01  3.22373E+00  1.92966E+00
  7.78215E+01  2.80197E+00  1.81707E+00
  7.81205E+01  1.67823E+00  1.47592E+00
  7.84196E+01  2.57198E+00  1.75274E+00
  7.87186E+01  2.39557E+00  1.70154E+00
  7.90176E+01  2.22018E-01  1.00028E+00
  7.93167E+01 -2.33283E-01  1.00000E+00
  7.96157E+01  2.03549E-01  1.00000E+00
  7.99148E+01 -4.22410E-01  1.00000E+00
  8.02138E+01 -3.33458E-02  1.00000E+00
  8.05128E+01  1.33777E+00  1.35570E+00
  8.08119E+01  1.79915E+00  1.51627E+00
  8.11109E+01  2.56362E+00  1.75025E+00
  8.14099E+01  4.09138E-01  1.00060E+00
  8.17090E+01 -9.11869E-02  1.00000E+00
  8.20080E+01  2.14497E+00  1.62640E+00
  8.23071E+01  1.97539E+00  1.57319E+00
  8.26061E+01  8.01009E-01  1.14067E+00
  8.29051E+01  1.76667E+00  1.50553E+00
  8.32042E+01 -3.59307E-01  1.00029E+00
  8.35032E+01 -3.56123E-01  1.00000E+00
  8.38023E+01  2.55273E-01  1.00000E+00
  8.41013E+01 -2.47578E-01  1.00000E+00
  8.44003E+01  2.28332E-01  1.00000E+00
  8.46994E+01 -4.26768E-01  1.00000E+00
  8.49984E+01 -5.00079E-01  1.00000E+00
  8.52975E+01  4.18757E-02  1.00000E+00
  8.55965E+01  3.18837E+00  1.92050E+00
  8.58955E+01  1.59104E+00  1.44592E+00
  8.61946E+01 -2.43718E-01  1.00027E+00
  8.64936E+01  1.12492E+00  1.27489E+00
  8.67927E+01  8.91810E-01  1.17970E+00
  8.70917E+01  1.50321E+00  1.41528E+00
  8.73907E+01 -4.56178E-01  1.00015E+00
  8.76898E+01  2.85320E-01  1.00000E+00
  8.79888E+01 -4.99633E-01  1.00000E+00
  8.82878E+01 -5.00114E-01  1.00000E+00
  8.85869E+01 -5.00000E-01  1.00000E+00
  8.88859E+01 -5.00000E-01  1.00000E+00
  8.91850E+01 -5.00000E-01  1.00000E+00
  8.94840E+01 -5.00003E-01  1.00000E+00
  8.97830E+01 -4.74360E-01  1.00000E+00
  9.00821E+01  1.16245E-01  1.00000E+00
  9.03811E+01  3.70913E-01  1.00000E+00
  9.06802E+01  8.50938E-01  1.16238E+00
  9.09792E+01  2.02888E+00  1.59018E+00
  9.12782E+01  3.93892E-01  1.00021E+00
  9.15773E+01  7.80428E-01  1.13169E+00
  9.18763E+01  1.11822E+00  1.27203E+00
  9.21754E+01 -3.60694E-01  1.00017E+00
  9.24744E+01  1.15662E+00  1.28724E+00
  9.27734E+01 -3.53368E-01  1.00010E+00
  9.30725E+01  7.05553E-01  1.09824E+00
  9.33715E+01  5.13007E-01  1.00639E+00
  9.36706E+01 -4.82708E-01  1.00000E+00
  9.39696E+01 -1.58665E-01  1.00000E+00
  9.42686E+01  2.19282E+00  1.64100E+00
  9.45677E+01  7.02962E-01  1.09669E+00
  9.48667E+01  1.22102E+00  1.31187E+00
  9.51657E+01 -4.07551E-01  1.00009E+00
  9.54648E+01  3.46465E-01  1.00000E+00
  9.57638E+01 -3.87098E-01  1.00000E+00
  9.60629E+01  3.51840E-01  1.00000E+00
  9.63619E+01 -2.48480E-01  1.00000E+00
  9.66609E+01  5.88641E-01  1.04346E+00
  9.69600E+01 -4.69068E-01  1.00002E+00
  9.72590E+01  1.24139E+00  1.31973E+00
  9.75581E+01 -4.20909E-02  1.00020E+00
  9.78571E+01 -4.65914E-01  1.00000E+00
  9.81561E+01  1.19048E+00  1.30027E+00
  9.84552E+01 -2.89958E-02  1.00017E+00
  9.87542E+01 -4.71037E-01  1.00000E+00
  9.90533E+01 -3.53197E-01  1.00000E+00
  9.93523E+01  2.50497E-01  1.00000E+00
  9.96513E+01  1.38925E+00  1.37461E+00
  9.99504E+01  5.01642E+00  2.34863E+00
  1.00249E+02  3.33236E+00  1.95684E+00
  1.00548E+02 -4.69024E-01  1.00222E+00
  1.00847E+02 -5.01494E-01  1.00000E+00
  1.01147E+02 -4.23693E-02  1.00000E+00
  1.01446E+02  2.91009E+00  1.84651E+00
  1.01745E+02 -4.26404E-01  1.00126E+00
  1.02044E+02 -5.00701E-01  1.00000E+00
  1.02343E+02 -5.00058E-01  1.00000E+00
  1.02642E+02 -2.74307E-01  1.00000E+00
  1.02941E+02  3.01001E+00  1.87348E+00
  1.03240E+02 -4.52696E-01  1.00049E+00
  1.03539E+02 -3.81698E-01  1.00000E+00
  1.03838E+02  3.23166E+00  1.93175E+00
  1.04137E+02 -5.00000E-01  1.00000E+00
