@page size 600,600
@view 0.12,0.1,0.97,0.93
@subtitle "PHOENIX module psth, 10/31/16 at 12:09:40 -07:00"
@xaxes scale Normal
@yaxes scale Normal
@xaxis label "time (ps)"
@yaxis label "impact displacement (pm)"
@s0 errorbar size 0.0
@type xydy
  0.00000E+00  6.68184E+00  2.49198E-02
  1.58268E-02  5.49300E+00  1.52264E-02
  3.16536E-02  2.48422E+00  1.30758E-03
  4.74804E-02 -9.74252E-01  9.49078E-03
  6.33072E-02 -3.42931E+00  1.28460E-02
  7.91340E-02 -4.07442E+00  1.10405E-02
  9.49608E-02 -3.06977E+00  1.14130E-02
  1.10788E-01 -1.30738E+00  1.15221E-02
  1.26614E-01  1.87551E-01  6.23031E-03
  1.42441E-01  8.30236E-01  2.82367E-03
  1.58268E-01  6.92366E-01  1.02513E-02
  1.74095E-01  2.84843E-01  1.14289E-02
  1.89922E-01  1.10453E-01  5.87050E-03
  2.05748E-01  3.10474E-01  2.73237E-03
  2.21575E-01  6.27294E-01  8.38157E-03
  2.37402E-01  6.66757E-01  6.91479E-03
  2.53229E-01  2.39720E-01  2.46684E-04
  2.69056E-01 -4.72909E-01  8.13923E-03
  2.84882E-01 -1.04250E+00  1.15159E-02
  3.00709E-01 -1.10090E+00  8.33566E-03
  3.16536E-01 -6.04888E-01  1.03321E-03
  3.32363E-01  1.31882E-01  5.27904E-03
  3.48190E-01  6.56459E-01  6.41788E-03
  3.64016E-01  6.83865E-01  1.96758E-03
  3.79843E-01  2.77359E-01  4.72926E-03
  3.95670E-01 -2.18218E-01  8.82410E-03
  4.11497E-01 -4.33059E-01  7.30413E-03
  4.27324E-01 -2.32229E-01  1.04177E-03
  4.43150E-01  2.02342E-01  5.89891E-03
  4.58977E-01  5.17164E-01  9.09748E-03
  4.74804E-01  4.48620E-01  6.75667E-03
  4.90631E-01  1.27211E-02  8.12841E-04
  5.06458E-01 -5.07453E-01  4.49827E-03
  5.22284E-01 -7.61555E-01  5.55708E-03
  5.38111E-01 -5.74472E-01  1.81963E-03
  5.53938E-01 -6.27897E-02  3.80366E-03
  5.69765E-01  4.50221E-01  7.30311E-03
  5.85592E-01  6.55341E-01  6.15632E-03
  6.01419E-01  4.58387E-01  9.57797E-04
  6.17245E-01  2.69996E-02  5.00505E-03
  6.33072E-01 -3.39380E-01  8.00768E-03
  6.48899E-01 -4.17753E-01  6.37937E-03
  6.64726E-01 -2.02347E-01  1.55192E-03
  6.80553E-01  1.12626E-01  3.00601E-03
  6.96379E-01  2.85077E-01  4.29826E-03
  7.12206E-01  1.98164E-01  1.61476E-03
  7.28033E-01 -6.64344E-02  3.16212E-03
  7.43860E-01 -2.99319E-01  6.61171E-03
  7.59687E-01 -3.20137E-01  6.28244E-03
  7.75513E-01 -1.06103E-01  2.33568E-03
  7.91340E-01  1.95911E-01  2.62672E-03
  8.07167E-01  3.76560E-01  5.35884E-03
  8.22994E-01  3.10845E-01  4.16074E-03
  8.38821E-01  4.17869E-02  3.57606E-07
  8.54647E-01 -2.53282E-01  4.19679E-03
  8.70474E-01 -3.85315E-01  5.55953E-03
  8.86301E-01 -2.78069E-01  3.18534E-03
  9.02128E-01 -1.14399E-02  1.29776E-03
  9.17955E-01  2.39940E-01  4.86967E-03
  9.33781E-01  3.25159E-01  5.17978E-03
  9.49608E-01  2.10623E-01  2.12448E-03
  9.65435E-01 -1.02560E-02  2.12052E-03
  9.81262E-01 -1.90053E-01  4.61412E-03
  9.97089E-01 -2.27487E-01  3.66313E-03
  1.01292E+00 -1.26453E-01  3.91273E-05
  1.02874E+00  2.06038E-02  3.91285E-03
  1.04457E+00  1.05979E-01  5.27053E-03
  1.06040E+00  8.18193E-02  3.14732E-03
  1.07622E+00 -1.36877E-02  1.06450E-03
  1.09205E+00 -9.21535E-02  4.59438E-03
  1.10788E+00 -8.29656E-02  5.19660E-03
  1.12370E+00  1.56858E-02  2.66694E-03
  1.13953E+00  1.36568E-01  1.05868E-03
  1.15536E+00  1.91224E-01  3.29273E-03
  1.17118E+00  1.31202E-01  2.51285E-03
  1.18701E+00 -1.86373E-02  7.44333E-04
  1.20284E+00 -1.75342E-01  4.21204E-03
  1.21866E+00 -2.49722E-01  5.42434E-03
  1.23449E+00 -2.00441E-01  3.46470E-03
  1.25032E+00 -5.68064E-02  4.21375E-04
  1.26614E+00  1.01656E-01  3.70872E-03
  1.28197E+00  1.93646E-01  4.32938E-03
  1.29780E+00  1.81734E-01  2.05125E-03
  1.31362E+00  8.86657E-02  1.43450E-03
  1.32945E+00 -2.25191E-02  3.58787E-03
  1.34528E+00 -8.94840E-02  2.85519E-03
  1.36111E+00 -8.65572E-02  2.22893E-04
  1.37693E+00 -3.48380E-02  3.51533E-03
  1.39276E+00  1.72105E-02  4.76666E-03
  1.40859E+00  2.83371E-02  3.12889E-03
  1.42441E+00 -8.33175E-03  2.81683E-04
  1.44024E+00 -6.22786E-02  3.17136E-03
  1.45607E+00 -8.77178E-02  3.64370E-03
  1.47189E+00 -5.59585E-02  1.47724E-03
  1.48772E+00  2.32508E-02  1.75538E-03
  1.50355E+00  1.05626E-01  3.78668E-03
  1.51937E+00  1.39613E-01  3.20783E-03
  1.53520E+00  9.98899E-02  4.14979E-04
  1.55103E+00  5.36318E-03  2.68600E-03
  1.56685E+00 -9.07472E-02  3.99787E-03
  1.58268E+00 -1.33342E-01  2.66377E-03
  1.59851E+00 -1.00031E-01  3.61795E-04
  1.61433E+00 -1.53728E-02  2.98076E-03
  1.63016E+00  6.50561E-02  3.39159E-03
  1.64599E+00  9.08770E-02  1.31574E-03
  1.66181E+00  4.97393E-02  1.82365E-03
  1.67764E+00 -2.51825E-02  3.88316E-03
  1.69347E+00 -7.83526E-02  3.45954E-03
  1.70929E+00 -7.02997E-02  8.36203E-04
  1.72512E+00 -5.17567E-03  2.22255E-03
  1.74095E+00  7.16926E-02  3.68245E-03
  1.75678E+00  1.05006E-01  2.62208E-03
  1.77260E+00  6.82117E-02  1.59913E-04
  1.78843E+00 -1.71423E-02  2.68903E-03
  1.80426E+00 -9.52571E-02  3.13808E-03
  1.82008E+00 -1.14030E-01  1.13965E-03
  1.83591E+00 -6.09718E-02  1.98519E-03
  1.85174E+00  2.79544E-02  4.14924E-03
  1.86756E+00  9.29873E-02  3.91755E-03
  1.88339E+00  9.17027E-02  1.47739E-03
  1.89922E+00  2.79822E-02  1.49909E-03
  1.91504E+00 -5.14188E-02  3.00272E-03
  1.93087E+00 -9.01992E-02  2.06779E-03
  1.94670E+00 -6.21762E-02  5.63376E-04
  1.96252E+00  1.07105E-02  2.99947E-03
  1.97835E+00  7.46687E-02  3.49473E-03
  1.99418E+00  8.28702E-02  1.63043E-03
  2.01000E+00  2.90946E-02  1.39116E-03
  2.02583E+00 -4.77883E-02  3.56939E-03
  2.04166E+00 -9.16763E-02  3.47255E-03
  2.05748E+00 -6.95529E-02  1.20864E-03
  2.07331E+00  4.48904E-03  1.66056E-03
  2.08914E+00  7.86814E-02  3.19435E-03
  2.10496E+00  9.98638E-02  2.39473E-03
  2.12079E+00  5.09933E-02  1.27749E-04
  2.13662E+00 -3.65420E-02  2.59043E-03
  2.15245E+00 -1.04367E-01  3.26816E-03
  2.16827E+00 -1.07151E-01  1.66953E-03
  2.18410E+00 -4.32403E-02  1.14021E-03
  2.19993E+00  4.51007E-02  3.27867E-03
  2.21575E+00  1.01312E-01  3.33269E-03
  2.23158E+00  9.28111E-02  1.31158E-03
  2.24741E+00  3.13319E-02  1.37578E-03
  2.26323E+00 -3.79030E-02  2.89315E-03
  2.27906E+00 -6.92841E-02  2.22417E-03
  2.29489E+00 -4.81347E-02  1.56557E-04
  2.31071E+00  1.54424E-03  2.62235E-03
  2.32654E+00  3.71984E-02  3.50604E-03
  2.34237E+00  3.01308E-02  2.22915E-03
  2.35819E+00 -1.35202E-02  3.19991E-04
  2.37402E+00 -5.79884E-02  2.40510E-03
  2.38985E+00 -6.48601E-02  2.62647E-03
  2.40567E+00 -2.19537E-02  8.71397E-04
  2.42150E+00  4.67025E-02  1.61398E-03
  2.43733E+00  9.67675E-02  3.10064E-03
  2.45315E+00  9.39366E-02  2.54582E-03
  2.46898E+00  3.74211E-02  2.82091E-04
  2.48481E+00 -3.95011E-02  2.21449E-03
  2.50063E+00 -9.16948E-02  3.32618E-03
  2.51646E+00 -9.14185E-02  2.38185E-03
  2.53229E+00 -4.47665E-02  9.42123E-05
  2.54812E+00  1.49438E-02  1.94383E-03
  2.56394E+00  5.09794E-02  2.35028E-03
  2.57977E+00  4.71191E-02  8.81255E-04
  2.59560E+00  1.56905E-02  1.41628E-03
  2.61142E+00 -1.43917E-02  2.92493E-03
  2.62725E+00 -1.97715E-02  2.56560E-03
  2.64308E+00  1.10293E-03  5.29415E-04
  2.65890E+00  2.85241E-02  1.86074E-03
  2.67473E+00  3.73851E-02  3.05449E-03
  2.69056E+00  1.62989E-02  2.32221E-03
  2.70638E+00 -2.37038E-02  2.35001E-04
  2.72221E+00 -5.66701E-02  1.74221E-03
  2.73804E+00 -5.97170E-02  2.25847E-03
  2.75386E+00 -2.88264E-02  9.96201E-04
  2.76969E+00  1.82595E-02  1.13183E-03
  2.78552E+00  5.36351E-02  2.63081E-03
  2.80134E+00  5.71813E-02  2.44459E-03
  2.81717E+00  2.89072E-02  6.68267E-04
  2.83300E+00 -1.20328E-02  1.52828E-03
  2.84882E+00 -4.03278E-02  2.70742E-03
  2.86465E+00 -4.05618E-02  2.13992E-03
  2.88048E+00 -1.59844E-02  2.81618E-04
  2.89630E+00  1.50421E-02  1.56313E-03
  2.91213E+00  3.18265E-02  2.12935E-03
  2.92796E+00  2.46595E-02  1.04398E-03
  2.94379E+00  2.05146E-04  9.24901E-04
  2.95961E+00 -2.39155E-02  2.42453E-03
  2.97544E+00 -3.12438E-02  2.45320E-03
  2.99127E+00 -1.72097E-02  1.03137E-03
  3.00709E+00  8.31975E-03  8.35924E-04
  3.02292E+00  2.79644E-02  1.86656E-03
  3.03875E+00  2.84617E-02  1.38515E-03
  3.05457E+00  9.39821E-03  2.41569E-04
  3.07040E+00 -1.65480E-02  1.87907E-03
  3.08623E+00 -3.19362E-02  2.39672E-03
  3.10205E+00 -2.60540E-02  1.43647E-03
  3.11788E+00 -2.11768E-03  3.59469E-04
  3.13371E+00  2.45616E-02  1.80567E-03
  3.14953E+00  3.64019E-02  1.98708E-03
  3.16536E+00  2.50948E-02  8.68524E-04
  3.18119E+00 -2.68393E-03  7.07287E-04
  3.19701E+00 -2.93266E-02  1.61363E-03
  3.21284E+00 -3.77013E-02  1.21291E-03
  3.22867E+00 -2.25318E-02  2.12544E-04
  3.24449E+00  5.88135E-03  1.67014E-03
  3.26032E+00  2.83509E-02  2.14708E-03
  3.27615E+00  2.97058E-02  1.29895E-03
  3.29197E+00  9.30245E-03  3.28590E-04
  3.30780E+00 -1.81684E-02  1.68634E-03
  3.32363E+00 -3.25105E-02  1.94262E-03
  3.33946E+00 -2.20843E-02  1.04270E-03
  3.35528E+00  7.52402E-03  2.77230E-04
  3.37111E+00  3.65265E-02  1.08951E-03
  3.38694E+00  4.40626E-02  8.02001E-04
  3.40276E+00  2.27126E-02  4.45623E-04
  3.41859E+00 -1.56646E-02  1.74816E-03
  3.43442E+00 -4.71763E-02  2.18079E-03
  3.45024E+00 -5.16609E-02  1.42476E-03
  3.46607E+00 -2.63167E-02  2.77816E-05
  3.48190E+00  1.22817E-02  1.22192E-03
  3.49772E+00  3.93889E-02  1.39216E-03
  3.51355E+00  3.89122E-02  4.52701E-04
  3.52938E+00  1.41844E-02  8.56355E-04
  3.54520E+00 -1.49007E-02  1.54499E-03
  3.56103E+00 -2.64328E-02  1.15876E-03
  3.57686E+00 -1.24232E-02  5.19365E-05
  3.59268E+00  1.52928E-02  1.26911E-03
  3.60851E+00  3.36083E-02  1.67330E-03
  3.62434E+00  2.52439E-02  1.01199E-03
  3.64016E+00 -7.82122E-03  2.33561E-04
  3.65599E+00 -4.44745E-02  1.18986E-03
  3.67182E+00 -5.85566E-02  1.19016E-03
  3.68765E+00 -3.73068E-02  2.42789E-04
  3.70347E+00  8.82109E-03  9.81396E-04
  3.71930E+00  5.21800E-02  1.63050E-03
  3.73513E+00  6.59956E-02  1.26467E-03
  3.75095E+00  4.21770E-02  1.52919E-04
  3.76678E+00 -3.39007E-03  9.26468E-04
  3.78261E+00 -4.17105E-02  1.23600E-03
  3.79843E+00 -5.01599E-02  5.92536E-04
  3.81426E+00 -2.71311E-02  5.12004E-04
  3.83009E+00  8.08764E-03  1.26159E-03
  3.84591E+00  2.97261E-02  1.08959E-03
  3.86174E+00  2.38248E-02  7.29070E-05
  3.87757E+00 -2.49803E-03  1.12478E-03
  3.89339E+00 -2.70918E-02  1.71552E-03
  3.90922E+00 -2.94739E-02  1.33009E-03
  3.92505E+00 -6.05404E-03  2.65623E-04
  3.94087E+00  2.70290E-02  7.27864E-04
  3.95670E+00  4.54193E-02  9.57282E-04
  3.97253E+00  3.41279E-02  1.02870E-04
  3.98835E+00 -1.36156E-03  9.02121E-04
  4.00418E+00 -3.83741E-02  1.47353E-03
  4.02001E+00 -5.24410E-02  1.16751E-03
  4.03583E+00 -3.40585E-02  8.54130E-05
  4.05166E+00  4.81901E-03  1.12726E-03
  4.06749E+00  3.89363E-02  1.72705E-03
  4.08332E+00  4.67674E-02  1.38454E-03
  4.09914E+00  2.46631E-02  4.11409E-04
  4.11497E+00 -1.13910E-02  4.49405E-04
  4.13080E+00 -3.72067E-02  6.67737E-04
  4.14662E+00 -3.68228E-02  1.01866E-04
  4.16245E+00 -1.26481E-02  8.90135E-04
  4.17828E+00  1.72502E-02  1.53278E-03
  4.19410E+00  3.22701E-02  1.31738E-03
  4.20993E+00  2.34034E-02  3.36236E-04
  4.22576E+00 -1.29196E-03  7.85597E-04
  4.24158E+00 -2.31897E-02  1.32048E-03
  4.25741E+00 -2.65541E-02  9.37519E-04
  4.27324E+00 -9.42267E-03  7.07374E-05
  4.28906E+00  1.54522E-02  9.90450E-04
  4.30489E+00  2.98723E-02  1.17831E-03
  4.32072E+00  2.29722E-02  5.01715E-04
  4.33654E+00 -1.32471E-03  5.73664E-04
  4.35237E+00 -2.70722E-02  1.30731E-03
  4.36820E+00 -3.71298E-02  1.19535E-03
  4.38402E+00 -2.45708E-02  3.17381E-04
  4.39985E+00  2.91519E-03  7.19973E-04
  4.41568E+00  2.82917E-02  1.20295E-03
  4.43150E+00  3.63255E-02  8.02998E-04
  4.44733E+00  2.31546E-02  1.96159E-04
  4.46316E+00 -1.81954E-03  1.09133E-03
  4.47899E+00 -2.25693E-02  1.24860E-03
  4.49481E+00 -2.69345E-02  5.40071E-04
  4.51064E+00 -1.40695E-02  5.76003E-04
  4.52647E+00  5.75468E-03  1.37605E-03
  4.54229E+00  1.84731E-02  1.37160E-03
  4.55812E+00  1.56315E-02  6.45077E-04
  4.57395E+00 -2.65460E-04  2.04484E-04
  4.58977E+00 -1.77447E-02  5.74581E-04
  4.60560E+00 -2.41650E-02  2.75673E-04
  4.62143E+00 -1.41384E-02  6.23506E-04
  4.63725E+00  6.86403E-03  1.41459E-03
  4.65308E+00  2.59655E-02  1.50240E-03
  4.66891E+00  3.11035E-02  7.85236E-04
  4.68473E+00  1.87243E-02  2.88898E-04
  4.70056E+00 -3.94854E-03  1.03961E-03
  4.71639E+00 -2.34867E-02  1.02367E-03
  4.73221E+00 -2.87221E-02  3.11300E-04
  4.74804E+00 -1.76829E-02  6.14088E-04
  4.76387E+00  1.43605E-03  9.36318E-04
  4.77969E+00  1.58588E-02  4.75722E-04
  4.79552E+00  1.67104E-02  4.52988E-04
  4.81135E+00  4.81343E-03  1.21964E-03
  4.82717E+00 -1.00620E-02  1.29961E-03
  4.84300E+00 -1.60534E-02  6.33753E-04
  4.85883E+00 -7.60869E-03  3.34702E-04
  4.87466E+00  1.02829E-02  9.69937E-04
  4.89048E+00  2.50875E-02  8.81561E-04
  4.90631E+00  2.51685E-02  1.83779E-04
  4.92214E+00  8.08079E-03  6.00514E-04
  4.93796E+00 -1.70114E-02  8.80090E-04
  4.95379E+00 -3.47458E-02  4.28324E-04
  4.96962E+00 -3.34752E-02  4.50708E-04
  4.98544E+00 -1.31432E-02  1.15538E-03
  5.00127E+00  1.42768E-02  1.20520E-03
  5.01710E+00  3.23045E-02  5.74723E-04
  5.03292E+00  3.05738E-02  2.86687E-04
  5.04875E+00  1.14747E-02  7.65373E-04
  5.06458E+00 -1.16811E-02  5.32619E-04
  5.08040E+00 -2.37526E-02  2.39017E-04
  5.09623E+00 -1.79386E-02  1.02680E-03
  5.11206E+00 -7.19627E-05  1.26822E-03
  5.12788E+00  1.58734E-02  7.71199E-04
  5.14371E+00  1.78805E-02  1.44609E-04
  5.15954E+00  4.48826E-03  8.67250E-04
  5.17536E+00 -1.41826E-02  9.12398E-04
  5.19119E+00 -2.37343E-02  2.39644E-04
  5.20702E+00 -1.59862E-02  6.56814E-04
  5.22284E+00  4.80981E-03  1.09139E-03
  5.23867E+00  2.45564E-02  7.59288E-04
  5.25450E+00  2.90374E-02  1.51372E-04
  5.27033E+00  1.40272E-02  1.05515E-03
  5.28615E+00 -1.13567E-02  1.36322E-03
  5.30198E+00 -3.05444E-02  8.90610E-04
  5.31781E+00 -3.06867E-02  1.24533E-05
  5.33363E+00 -1.14221E-02  7.05022E-04
  5.34946E+00  1.48197E-02  7.15806E-04
  5.36529E+00  3.11840E-02  3.99482E-05
  5.38111E+00  2.76525E-02  8.40646E-04
  5.39694E+00  7.48674E-03  1.27187E-03
  5.41277E+00 -1.54341E-02  9.01043E-04
  5.42859E+00 -2.63306E-02  7.01243E-05
  5.44442E+00 -1.94454E-02  1.01795E-03
  5.46025E+00 -1.37110E-03  1.32346E-03
  5.47607E+00  1.42518E-02  7.99872E-04
  5.49190E+00  1.66493E-02  1.75503E-04
  5.50773E+00  5.34986E-03  9.18350E-04
  5.52355E+00 -9.98393E-03  9.09499E-04
  5.53938E+00 -1.69488E-02  1.57384E-04
  5.55521E+00 -9.56273E-03  8.10174E-04
  5.57103E+00  7.36416E-03  1.31008E-03
  5.58686E+00  2.16651E-02  9.70544E-04
  5.60269E+00  2.25010E-02  9.10265E-06
  5.61852E+00  8.09387E-03  9.90791E-04
  5.63434E+00 -1.28971E-02  1.33330E-03
  5.65017E+00 -2.72187E-02  8.30677E-04
  5.66600E+00 -2.59285E-02  1.49629E-04
  5.68182E+00 -1.02087E-02  9.22032E-04
  5.69765E+00  9.75219E-03  9.43243E-04
  5.71348E+00  2.17881E-02  1.88563E-04
  5.72930E+00  1.97155E-02  8.24014E-04
  5.74513E+00  6.85353E-03  1.39671E-03
  5.76096E+00 -6.97919E-03  1.13214E-03
  5.77678E+00 -1.25536E-02  2.05709E-04
  5.79261E+00 -7.35970E-03  7.54072E-04
  5.80844E+00  3.29459E-03  1.09643E-03
  5.82426E+00  1.06060E-02  5.94956E-04
  5.84009E+00  8.70378E-03  4.00512E-04
  5.85592E+00 -1.34709E-03  1.20172E-03
  5.87174E+00 -1.25538E-02  1.24784E-03
  5.88757E+00 -1.70319E-02  4.89250E-04
  5.90340E+00 -1.14213E-02  5.77035E-04
  5.91922E+00  9.87153E-04  1.24537E-03
  5.93505E+00  1.26444E-02  1.08194E-03
  5.95088E+00  1.67908E-02  2.19687E-04
  5.96670E+00  1.16733E-02  7.33392E-04
  5.98253E+00  1.25395E-03  1.10981E-03
  5.99836E+00 -7.77237E-03  6.39179E-04
  6.01419E+00 -1.04193E-02  3.64098E-04
  6.03001E+00 -6.33519E-03  1.21288E-03
  6.04584E+00  5.16526E-04  1.31543E-03
  6.06167E+00  4.91100E-03  5.79568E-04
  6.07749E+00  3.93316E-03  5.22905E-04
  6.09332E+00 -1.27432E-03  1.27602E-03
  6.10915E+00 -6.55656E-03  1.20589E-03
  6.12497E+00 -7.70078E-03  4.01434E-04
  6.14080E+00 -3.28206E-03  5.51365E-04
  6.15663E+00  4.39743E-03  9.79468E-04
  6.17245E+00  1.07684E-02  5.75646E-04
  6.18828E+00  1.18443E-02  3.96221E-04
  6.20411E+00  6.66797E-03  1.26550E-03
  6.21993E+00 -2.10656E-03  1.42134E-03
  6.23576E+00 -9.78309E-03  7.35112E-04
  6.25159E+00 -1.23556E-02  3.50680E-04
  6.26741E+00 -8.76954E-03  1.12383E-03
  6.28324E+00 -1.40432E-03  1.08681E-03
  6.29907E+00  5.45555E-03  2.93500E-04
  6.31489E+00  8.20144E-03  6.86708E-04
  6.33072E+00  5.96424E-03  1.16015E-03
  6.34655E+00  9.23808E-04  7.90047E-04
  6.36237E+00 -3.28277E-03  1.79141E-04
  6.37820E+00 -4.00666E-03  1.09255E-03
  6.39403E+00 -1.28832E-03  1.33234E-03
  6.40986E+00  2.31057E-03  7.38205E-04
  6.42568E+00  3.63500E-03  2.85602E-04
  6.44151E+00  1.30726E-03  1.04811E-03
  6.45734E+00 -3.13440E-03  1.04183E-03
  6.47316E+00 -6.21058E-03  2.84126E-04
  6.48899E+00 -5.00725E-03  6.99410E-04
  6.50482E+00  5.11768E-04  1.23599E-03
  6.52064E+00  7.09808E-03  9.63530E-04
  6.53647E+00  1.01826E-02  7.26903E-05
  6.55230E+00  7.00016E-03  8.29128E-04
  6.56812E+00 -1.26205E-03  1.13523E-03
  6.58395E+00 -9.89293E-03  6.52127E-04
  6.59978E+00 -1.35449E-02  2.72985E-04
  6.61560E+00 -9.72706E-03  9.93433E-04
  6.63143E+00 -5.32009E-04  1.00579E-03
  6.64726E+00  8.64474E-03  2.91821E-04
  6.66308E+00  1.25836E-02  6.72062E-04
  6.67891E+00  9.57044E-03  1.24097E-03
  6.69474E+00  2.30646E-03  1.03783E-03
  6.71056E+00 -4.18670E-03  2.04260E-04
  6.72639E+00 -6.14224E-03  7.01254E-04
  6.74222E+00 -3.54280E-03  1.08545E-03
  6.75804E+00  2.21669E-04  7.19585E-04
  6.77387E+00  1.21250E-03  1.17453E-04
  6.78970E+00 -1.85089E-03  8.26147E-04
  6.80553E+00 -6.46637E-03  8.85165E-04
  6.82135E+00 -8.20073E-03  2.39255E-04
  6.83718E+00 -4.18567E-03  6.83059E-04
  6.85301E+00  4.35147E-03  1.26755E-03
  6.86883E+00  1.24961E-02  1.12950E-03
  6.88466E+00  1.48487E-02  3.71960E-04
  6.90049E+00  9.30568E-03  4.88123E-04
  6.91631E+00 -1.29244E-03  8.74341E-04
  6.93214E+00 -1.08865E-02  5.47308E-04
  6.94797E+00 -1.41469E-02  2.34056E-04
  6.96379E+00 -9.90158E-03  9.10150E-04
  6.97962E+00 -1.67516E-03  9.97694E-04
  6.99545E+00  4.96807E-03  4.18430E-04
  7.01127E+00  6.31822E-03  4.45779E-04
  7.02710E+00  2.86742E-03  1.01667E-03
  7.04293E+00 -1.48332E-03  9.16876E-04
  7.05875E+00 -2.63838E-03  2.26291E-04
  7.07458E+00  5.13401E-04  5.76960E-04
  7.09041E+00  5.31336E-03  9.47333E-04
  7.10623E+00  7.47095E-03  6.45038E-04
  7.12206E+00  4.46727E-03  1.04153E-04
  7.13789E+00 -2.36001E-03  7.69627E-04
  7.15371E+00 -8.63200E-03  8.84432E-04
  7.16954E+00 -1.00560E-02  3.66184E-04
  7.18537E+00 -5.55702E-03  4.30806E-04
  7.20120E+00  1.89712E-03  9.64110E-04
  7.21702E+00  7.38608E-03  8.77901E-04
  7.23285E+00  7.51219E-03  2.45207E-04
  7.24868E+00  2.73324E-03  4.87472E-04
  7.26450E+00 -3.11291E-03  8.11853E-04
  7.28033E+00 -5.69179E-03  5.05499E-04
  7.29616E+00 -3.32263E-03  2.21607E-04
  7.31198E+00  1.89513E-03  8.73794E-04
  7.32781E+00  5.74752E-03  1.01311E-03
  7.34364E+00  5.08269E-03  5.59647E-04
  7.35946E+00  1.45379E-04  1.58168E-04
  7.37529E+00 -5.61662E-03  6.32844E-04
  7.39112E+00 -8.08229E-03  5.29398E-04
  7.40694E+00 -5.43859E-03  5.60157E-05
  7.42277E+00  5.52524E-04  7.04373E-04
  7.43860E+00  5.86980E-03  9.60649E-04
  7.45442E+00  7.11226E-03  6.21203E-04
  7.47025E+00  3.83184E-03  1.12652E-04
  7.48608E+00 -1.32282E-03  7.71854E-04
  7.50190E+00 -4.65720E-03  9.41680E-04
  7.51773E+00 -4.10586E-03  5.43659E-04
  7.53356E+00 -5.82013E-04  1.17757E-04
  7.54938E+00  2.90149E-03  5.77524E-04
  7.56521E+00  3.58888E-03  5.11860E-04
  7.58104E+00  1.02641E-03  3.72070E-05
  7.59687E+00 -2.68863E-03  6.73400E-04
  7.61269E+00 -4.56759E-03  9.36739E-04
  7.62852E+00 -3.01345E-03  6.21604E-04
  7.64435E+00  9.68920E-04  8.23166E-05
  7.66017E+00  4.49618E-03  7.19287E-04
  7.67600E+00  4.89872E-03  8.78476E-04
  7.69183E+00  1.64908E-03  4.73841E-04
  7.70765E+00 -3.24141E-03  1.98602E-04
  7.72348E+00 -6.59726E-03  6.65532E-04
  7.73931E+00 -6.21801E-03  6.02622E-04
  7.75513E+00 -2.29330E-03  5.43208E-05
  7.77096E+00  2.81936E-03  5.99508E-04
  7.78679E+00  6.20190E-03  9.02386E-04
  7.80261E+00  6.20677E-03  6.35861E-04
  7.81844E+00  3.30181E-03  2.87631E-05
  7.83427E+00 -5.09787E-04  6.47094E-04
  7.85009E+00 -3.14360E-03  8.05721E-04
  7.86592E+00 -3.69962E-03  4.04545E-04
  7.88175E+00 -2.73874E-03  2.74597E-04
  7.89757E+00 -1.54053E-03  7.58019E-04
  7.91340E+00 -1.00782E-03  7.06703E-04
  7.92923E+00 -1.03827E-03  1.48673E-04
  7.94506E+00 -7.56302E-04  5.44601E-04
  7.96088E+00  6.47753E-04  9.13747E-04
  7.97671E+00  3.12736E-03  7.24764E-04
  7.99254E+00  5.61172E-03  1.25802E-04
  8.00836E+00  6.57730E-03  4.62080E-04
  8.02419E+00  4.98515E-03  6.35922E-04
  8.04002E+00  9.96879E-04  2.67688E-04
  8.05584E+00 -3.96092E-03  3.91151E-04
  8.07167E+00 -7.82555E-03  8.85431E-04
  8.08750E+00 -8.88595E-03  8.74012E-04
  8.10332E+00 -6.62294E-03  3.59106E-04
  8.11915E+00 -1.98301E-03  3.20073E-04
  8.13498E+00  3.05240E-03  7.21034E-04
  8.15080E+00  6.40132E-03  5.97521E-04
  8.16663E+00  6.86614E-03  6.13896E-05
  8.18246E+00  4.67001E-03  4.98809E-04
  8.19828E+00  1.25187E-03  6.85581E-04
  8.21411E+00 -1.58469E-03  3.64555E-04
  8.22994E+00 -2.69476E-03  2.49060E-04
  8.24576E+00 -2.17758E-03  7.41790E-04
  8.26159E+00 -1.15052E-03  7.83470E-04
  8.27742E+00 -8.47064E-04  3.47862E-04
  8.29324E+00 -1.64591E-03  2.75083E-04
  8.30907E+00 -2.73298E-03  6.79688E-04
  8.32490E+00 -2.69542E-03  6.18605E-04
  8.34073E+00 -6.79583E-04  1.63772E-04
  8.35655E+00  2.72476E-03  3.53735E-04
  8.37238E+00  5.60412E-03  5.69386E-04
  8.38821E+00  5.90155E-03  3.24108E-04
  8.40403E+00  2.91354E-03  2.16712E-04
  8.41986E+00 -1.97553E-03  6.85261E-04
  8.43569E+00 -5.96494E-03  7.65748E-04
  8.45151E+00 -6.59322E-03  4.05647E-04
  8.46734E+00 -3.42846E-03  1.53424E-04
  8.48317E+00  1.51731E-03  5.42701E-04
  8.49899E+00  5.04002E-03  5.15638E-04
  8.51482E+00  4.88290E-03  1.10876E-04
  8.53065E+00  1.29867E-03  3.80013E-04
  8.54647E+00 -3.09625E-03  6.15857E-04
  8.56230E+00 -5.13552E-03  4.37548E-04
  8.57813E+00 -3.34404E-03  2.87649E-05
  8.59395E+00  9.87486E-04  4.63294E-04
  8.60978E+00  4.69931E-03  5.73853E-04
  8.62561E+00  5.03213E-03  2.94245E-04
  8.64143E+00  1.65538E-03  1.74673E-04
  8.65726E+00 -3.02966E-03  5.05982E-04
  8.67309E+00 -5.57849E-03  4.70996E-04
  8.68891E+00 -4.00277E-03  9.33394E-05
  8.70474E+00  7.24442E-04  3.72176E-04
  8.72057E+00  5.28312E-03  6.17560E-04
  8.73640E+00  6.34712E-03  4.91131E-04
  8.75222E+00  2.99057E-03  9.49450E-05
  8.76805E+00 -2.58481E-03  2.93428E-04
  8.78388E+00 -6.56043E-03  4.16545E-04
  8.79970E+00 -6.19562E-03  2.12681E-04
  8.81553E+00 -1.78025E-03  1.48779E-04
  8.83136E+00  3.56708E-03  3.92424E-04
  8.84718E+00  6.12390E-03  3.31458E-04
  8.86301E+00  4.21924E-03  4.38357E-06
  8.87884E+00 -5.91490E-04  3.94261E-04
  8.89466E+00 -4.67919E-03  5.82970E-04
  8.91049E+00 -4.98919E-03  4.56346E-04
  8.92632E+00 -1.27177E-03  1.13003E-04
  8.94214E+00  3.71695E-03  2.14594E-04
  8.95797E+00  6.19149E-03  3.32897E-04
  8.97380E+00  4.07083E-03  2.63983E-04
  8.98962E+00 -1.49022E-03  3.39212E-04
  9.00545E+00 -6.86308E-03  4.13092E-04
  9.02128E+00 -8.44891E-03  2.61286E-04
  9.03710E+00 -5.14314E-03  7.72230E-05
  9.05293E+00  9.62542E-04  4.09114E-04
  9.06876E+00  6.08442E-03  5.40314E-04
  9.08458E+00  7.33860E-03  4.18218E-04
  9.10041E+00  4.57696E-03  1.71952E-04
  9.11624E+00  2.29703E-04  3.12892E-05
  9.13207E+00 -2.62084E-03  1.80499E-05
  9.14789E+00 -2.46713E-03  1.69406E-04
  9.16372E+00 -2.93537E-04  4.00765E-04
  9.17955E+00  1.40540E-03  4.71187E-04
  9.19537E+00  6.89135E-04  2.99495E-04
  9.21120E+00 -2.25892E-03  1.76086E-05
  9.22703E+00 -5.21880E-03  2.73646E-04
  9.24285E+00 -5.59242E-03  2.96016E-04
  9.25868E+00 -2.39378E-03  5.82306E-05
  9.27451E+00  2.89300E-03  2.51612E-04
  9.29033E+00  7.21318E-03  4.04868E-04
  9.30616E+00  7.95660E-03  2.93615E-04
  9.32199E+00  4.67105E-03  2.11436E-05
  9.33781E+00 -6.93563E-04  3.34365E-04
  9.35364E+00 -5.11932E-03  4.36428E-04
  9.36947E+00 -6.45604E-03  2.60565E-04
  9.38529E+00 -4.63191E-03  6.70201E-05
  9.40112E+00 -1.39909E-03  3.10323E-04
  9.41695E+00  1.06922E-03  2.84851E-04
  9.43277E+00  1.65894E-03  1.58911E-06
  9.44860E+00  8.52212E-04  3.58978E-04
  9.46443E+00  6.04356E-05  5.46914E-04
  9.48025E+00  3.68323E-04  4.25758E-04
  9.49608E+00  1.66753E-03  5.88257E-05
  9.51191E+00  2.79190E-03  3.26482E-04
  9.52774E+00  2.48840E-03  4.92942E-04
  9.54356E+00  4.55307E-04  3.56866E-04
  9.55939E+00 -2.32955E-03  4.25319E-05
  9.57522E+00 -4.21875E-03  2.80272E-04
  9.59104E+00 -3.99297E-03  2.89707E-04
  9.60687E+00 -1.67411E-03  2.17297E-06
  9.62270E+00  1.48551E-03  3.91759E-04
  9.63852E+00  3.79284E-03  6.13538E-04
  9.65435E+00  4.12961E-03  5.12007E-04
  9.67018E+00  2.54222E-03  1.48236E-04
  9.68600E+00  8.83326E-05  2.40381E-04
  9.70183E+00 -1.87926E-03  4.01058E-04
  9.71766E+00 -2.49138E-03  2.38540E-04
  9.73348E+00 -1.74085E-03  1.13668E-04
  9.74931E+00 -3.12194E-04  3.95660E-04
  9.76514E+00  9.35961E-04  4.02476E-04
  9.78096E+00  1.47088E-03  1.18400E-04
  9.79679E+00  1.28774E-03  2.68951E-04
  9.81262E+00  7.63162E-04  4.97035E-04
  9.82844E+00  3.19339E-04  4.09444E-04
  9.84427E+00  1.33355E-04  6.36155E-05
  9.86010E+00  5.81338E-05  3.08930E-04
  9.87592E+00 -2.22292E-04  4.61682E-04
  9.89175E+00 -9.15121E-04  3.01308E-04
  9.90758E+00 -1.89622E-03  5.06979E-05
  9.92341E+00 -2.69378E-03  3.44093E-04
